p cnf 5987 5542
-5205 1957 0
-5169 2139 0
5319 -5320 -5362 0
5068 -5071 0
5551 1 0
-4692 4693 0
4893 1 0
5027 1 0
-5121 -2129 0
5464 -1 -2504 0
-4635 1413 0
5057 1 0
5482 -5485 0
4747 1435 -4748 0
5812 -3506 -5813 0
-4194 -36 0
4553 777 -4554 0
5087 1 0
5765 3097 0
-5526 -1 -2599 0
-5894 5895 0
-5593 5594 0
5643 -5644 -5866 0
-4164 4165 0
-4623 -1 -788 0
-5789 -3501 0
-4226 4455 0
-5772 3498 0
5094 -2124 -5095 0
-5194 5195 0
5031 2111 -5032 0
5228 -5231 0
-4361 739 0
-4231 4232 0
4554 682 0
-5022 -1 -1636 0
5893 -1 -3305 0
-4701 1 0
-5261 5262 0
4165 -4166 65 0
-4816 1219 0
4913 1379 0
-5039 2113 0
5513 -2827 -5514 0
-4599 4600 0
-4257 4300 0
4269 1 0
-4671 1 0
-4537 1 0
-4381 743 0
5098 -5099 0
-5266 -2158 0
4486 -764 -4487 0
-5693 2878 0
4488 764 -4489 0
5876 -5879 0
5297 -5298 -5472 0
4299 1 0
-4641 1 0
-5433 5434 0
-5498 2824 0
-4507 1 0
4438 754 -4439 0
4908 1 0
-5928 3361 0
5867 -3517 -5868 0
4329 1 0
5731 -5732 0
-5500 5501 0
-4168 -62 0
-4977 -1 -1478 0
-5643 5866 0
5338 -2792 -5339 0
4659 -4662 0
-5101 5102 0
5363 -2797 -5364 0
5700 2889 0
-4403 -747 0
4772 1440 -4773 0
5182 1916 0
5058 -5061 0
-4570 4859 0
-5966 5967 5969 0
-5460 -2816 0
4597 -4598 -4724 0
4951 -4952 -5078 0
-5674 5711 0
4620 -1410 -4621 0
-4205 4206 0
-4690 1424 0
5492 -5493 0
-4573 4574 0
-5244 2154 0
5451 2467 0
-5071 -2119 0
5891 -5892 0
5251 2155 -5252 0
4726 -1 741 0
-5265 1 0
-5603 5604 0
5064 -2118 -5065 0
-4710 1428 0
-4640 4641 0
4395 -4396 0
4275 -4276 0
-4509 -1 -591 0
-5235 1 0
-5670 5671 0
-4221 4480 0
5630 -5631 -5931 0
-5827 3509 0
-4241 4242 0
4301 -727 -4302 0
-5586 -1 -2702 0
5729 3489 -5730 0
-5680 1 0
4897 1465 -4898 0
-4707 4708 0
4674 -4675 0
-4783 -1 -1162 0
5051 2115 -5052 0
4586 -4587 -4779 0
5673 -5674 -5716 0
-5960 -1 -3420 0
5535 2831 -5536 0
-5305 5432 0
-5737 5738 0
-4142 -88 0
-4548 -776 0
4344 1 0
5418 -2808 -5419 0
5452 -5455 0
-4917 5248 0
-4308 4309 0
-5857 5858 0
5425 2809 -5426 0
-5778 3118 0
-5842 5843 0
4477 -1 -545 0
-4619 4620 4622 0
4548 776 -4549 0
-5605 -2845 0
4374 1 0
-4436 754 0
-5379 2342 0
-4232 4425 0
-5225 1991 0
-5838 3225 0
-5924 5925 0
5186 2142 -5187 0
5837 -3511 -5838 0
5601 2723 0
-5909 5910 0
-5704 -3484 0
4555 -4556 0
5456 2490 0
4435 -4436 0
5284 -5285 -5537 0
-5880 -1 -3289 0
-5209 5210 0
5980 -5983 0
4716 -1 -1048 0
4882 1462 -4883 0
-5019 2109 0
4240 -4241 -4385 0
5965 3427 0
4832 1452 -4833 0
5119 -2129 -5120 0
-4810 4811 0
-5573 2839 0
-4742 -1434 0
-4930 4931 0
5612 -5615 0
4297 -1 -151 0
4756 -1 -1124 0
-4360 4361 4363 0
-4614 4615 0
-5799 -3503 0
-5652 5821 0
5050 -1 -1710 0
-4215 4216 0
-5764 5765 0
-5878 1 0
5536 1 0
4878 1 0
-5835 -1 -3215 0
5482 -5483 0
4515 -4518 0
-4967 4998 0
4938 -4939 -5143 0
-4579 4814 0
-5064 5065 0
5510 2826 -5511 0
5763 -1 -3097 0
4547 -1 -667 0
-5848 1 0
5566 1 0
-5049 5050 0
-5410 -2806 0
-4736 1080 0
-4198 -32 0
5949 3533 -5950 0
4816 -1 -1219 0
-5663 5766 0
-5131 5132 0
-4993 4994 4996 0
-5818 1 0
5596 1 0
4271 -721 -4272 0
-5352 5353 5355 0
4644 -4647 0
-4519 -1 -611 0
-5116 5117 0
-4765 1439 0
-4285 4286 4288 0
5228 -5229 0
5374 -1 -2326 0
5043 -5046 0
-5250 2040 0
-4717 4718 0
-4416 4417 0
5569 -1 -2661 0
4881 -1 -1329 0
-4618 1 0
5554 -1 -2640 0
-5303 5304 0
-4887 -1463 0
-5014 2108 0
4681 -1 -983 0
4592 -4593 -4749 0
5679 -5680 -5686 0
4946 -4947 -5103 0
-4986 -2102 0
-5370 5371 0
-5902 3524 0
5654 -5655 -5811 0
5876 -5877 0
4909 -4912 0
5929 3529 -5930 0
-4204 4205 0
5897 -3523 -5898 0
-4971 4972 0
-4189 4190 0
-4420 4421 4423 0
4808 1 0
5188 -5191 0
-4656 1 0
-4918 4919 0
-4271 4272 0
5379 -1 -2342 0
-5555 -2835 0
5873 -1 -3274 0
-4256 4257 0
-4511 769 0
4838 1 0
-4376 4377 0
4202 -4203 -5268 0
4659 -4660 0
4314 1 0
-4172 -58 0
4326 -732 -4327 0
-5081 -2121 0
4246 -4247 -4355 0
4920 -4921 -5233 0
4203 -4204 -4914 0
-5325 5332 0
4600 -4601 -4709 0
-4323 4324 0
5058 -5059 0
5314 -5315 -5387 0
-5872 5873 0
5002 1 0
-5327 5328 5330 0
-4443 4444 0
4294 143 0
5668 -5669 -5741 0
-4973 4974 4976 0
5308 -5309 -5417 0
5836 -5839 0
5541 2615 0
-5758 3090 0
-5473 5474 0
-5551 -1 -2629 0
-4659 4660 4662 0
-5018 5019 5021 0
-4692 -1424 0
4149 -4150 81 0
-5627 5946 0
4551 -777 -4552 0
4540 -4541 0
-5459 2497 0
-5540 5541 0
-5749 -3493 0
4314 256 0
5706 -5707 0
-5444 1 0
5125 -1 -1835 0
-4577 4578 0
-4942 5123 0
-5343 2793 0
5594 -1 2716 0
4634 -4637 0
4919 -4920 -5238 0
-4178 4179 0
-5414 1 0
-5421 -1 -2421 0
-5956 5957 5959 0
-4945 4946 0
-4163 4164 0
-4274 -1 -111 0
5403 -2805 -5404 0
5322 -5323 -5347 0
5423 -2809 -5424 0
-4726 1 0
-4400 4401 4403 0
-5384 1 0
-4245 4246 0
-5250 1 0
5459 -1 -2497 0
-4230 4231 0
-4898 -1 -1350 0
-5226 -2150 0
-4268 -720 0
5452 -5453 0
-5779 5780 0
5467 -5468 0
4500 -4503 0
4671 -1 -962 0
-5220 1 0
-4840 1454 0
-4613 4614 0
-5069 2119 0
4155 -4156 75 0
4380 -4383 0
-5079 5080 0
-4995 1516 0
-5045 1695 0
-5957 3535 0
4933 -4934 -5168 0
-5524 2599 0
-4680 4681 0
4573 -4574 -4844 0
-4837 -1453 0
4359 1 0
5391 2363 0
4176 -4177 54 0
5250 -1 -2040 0
4283 723 -4284 0
4504 584 0
-5883 -2811 0
5641 -5642 -5876 0
-5289 5512 0
4359 351 0
5980 -5981 0
-4363 -739 0
-4747 4748 0
4389 1 0
5028 -5031 0
5518 -2828 -5519 0
4528 772 -4529 0
-4182 -48 0
-5230 2012 0
-4852 4853 0
-4604 4689 0
-4216 4505 0
-5362 5363 5365 0
5612 -5613 0
5427 -5430 0
4418 750 -4419 0
-5987 4140 0
-4372 -51 0
-4152 4153 0
-4696 1020 0
4190 -4191 40 0
-4919 4920 0
5406 1 0
-5300 5457 0
-5823 3201 0
-5949 5950 0
4515 -4516 0
-4219 4220 0
-5031 -2111 0
5436 1 0
4208 -4209 -4545 0
5295 -5296 -5482 0
-4986 4987 0
-4615 4634 0
-5042 -1 -1680 0
-5369 1 0
-4349 -1 -337 0
-5470 -2818 0
4514 601 0
5922 -3528 -5923 0
5173 -5176 0
-4587 4588 0
4251 -4252 -4330 0
-5948 1 0
5466 1 0
-5339 1 0
5373 -2799 -5374 0
-5398 2804 0
5572 -5575 0
4644 -4645 0
5046 2114 -5047 0
-5142 -1 -1443 0
5524 -1 -2599 0
5043 -5044 0
-4508 -768 0
-5699 -3483 0
5349 -1 -2206 0
4630 -1412 -4631 0
-5804 5805 0
4655 -1417 -4656 0
5821 -5824 0
-5488 5489 0
5262 2062 0
5181 2141 -5182 0
5986 -1 -3450 0
-4156 -74 0
-4514 -1 -601 0
5978 -5985 0
-5647 5846 0
5330 2790 -5331 0
-4292 1 0
-5089 5090 0
-5848 2823 0
-5337 5338 5340 0
5621 2759 0
-5696 5697 5699 0
-4462 529 0
-5555 5556 0
-4442 -51 0
4909 -4910 0
-4424 -1 -465 0
4855 -1457 -4856 0
-4962 5023 0
-5028 5029 5031 0
-5176 -2140 0
-5156 5157 0
4981 2101 -4982 0
-4193 4194 0
-5144 2134 0
-5933 3371 0
4356 -738 -4357 0
4787 1443 -4788 0
5966 -5969 0
5451 1 0
-4561 4562 0
5676 -5677 -5701 0
-5328 5329 0
-5933 1 0
5481 1 0
5047 1695 0
4823 1 0
-5278 5567 0
-5727 3489 0
-4313 -729 0
4556 -778 -4557 0
-5395 5396 0
5836 -5837 0
-4410 4411 4413 0
-5903 1 0
5511 1 0
-4769 4770 4772 0
-4464 -1 -529 0
4853 1 0
-4229 4230 0
5795 3143 0
-4752 -1436 0
-4868 -1 -1291 0
4764 -4767 0
-4593 4744 0
5180 -1 -1916 0
-4695 4696 0
5835 3215 0
-4145 -85 0
5693 -1 -2878 0
4763 1131 0
4641 -1 -826 0
-4296 4297 0
5167 1894 0
-4336 734 0
-5451 -1 -2467 0
5688 -1 -2871 0
4523 771 -4524 0
4634 -4635 0
-5711 5712 5714 0
-4981 -2101 0
-4197 -33 0
5744 3492 -5745 0
5397 -5400 0
-4363 4364 0
-4656 850 0
-5912 5913 0
5424 -1 -2428 0
-4856 1 0
-5003 5004 5006 0
5543 -2833 -5544 0
-5897 5898 0
-5420 -2808 0
-5402 5403 5405 0
-4419 -1 -455 0
-4847 -1455 0
-4833 -1 -1235 0
-4335 4336 4338 0
4857 1457 -4858 0
-5473 2819 0
-5964 5965 0
-5317 5318 0
4587 -4588 -4774 0
-4741 1 0
-4786 753 0
4500 -4501 0
-5399 1 0
4941 -4942 -5128 0
4380 -4381 0
4825 -1451 -4826 0
-5958 3420 0
5845 3232 0
-4458 -758 0
4542 -1 -660 0
5215 -1 -1971 0
4753 1 0
-4711 1 0
4279 118 0
5158 -5161 0
-5622 5971 0
-4602 4603 0
-5515 -2827 0
-5138 5139 5141 0
5557 -5560 0
-5025 1652 0
-4744 4745 4747 0
-4203 4204 0
-4681 1 0
-5830 -1 -3208 0
-4871 1301 0
-5752 5753 0
5028 -5029 0
5564 -1 -2654 0
5888 -1 -3296 0
-4435 4436 4438 0
5485 2821 -5486 0
4289 1 0
5225 -1 -1991 0
-5819 5820 0
-5898 3312 0
-4541 775 0
5075 -1 -1753 0
5375 2799 -5376 0
5427 -5428 0
-4186 -44 0
-4665 1419 0
4595 -4596 -4734 0
4340 -4343 0
-5119 5120 0
-5104 5105 0
-5219 2149 0
5620 2848 -5621 0
-5224 5225 0
5012 1540 0
-5377 5378 5380 0
-5124 2130 0
-5091 -2123 0
-5499 1 0
5915 1 0
-4705 4706 0
-5023 5024 5026 0
5769 3497 -5770 0
-5171 5172 0
5378 -2800 -5379 0
-4709 4710 4712 0
5060 -1 1724 0
-5291 5292 0
-5068 5069 5071 0
4880 -1462 -4881 0
-5469 1 0
5173 -5174 0
4703 1027 0
5945 1 0
-4568 4869 0
-5802 3504 0
4988 -4991 0
-4772 4773 0
-4702 -1426 0
5572 -5573 0
4841 -1 -1249 0
-5284 5537 0
-5358 5359 0
-5439 1 0
5975 1 0
-5963 1 0
4923 -4924 -5218 0
5268 -5269 -5617 0
-4192 4193 0
-5354 1 0
5317 -5318 -5372 0
4623 788 0
-4959 4960 0
5067 1731 0
-4177 4178 0
5732 -3490 -5733 0
-5015 1618 0
-4599 4714 0
-5425 5426 0
5311 -5312 -5402 0
5821 -5822 0
4499 577 0
-5815 -1 -3187 0
-5026 5027 0
-4244 4245 0
-4450 4451 4453 0
-5011 5012 0
-4160 -70 0
-4797 -1445 0
-4870 1460 0
5148 -5151 0
-4311 4312 0
-4994 2104 0
-4431 4432 0
4577 -4578 -4824 0
-4374 -1 51 0
4922 -4923 -5223 0
4619 -4620 0
4971 -4972 -4978 0
5433 -2811 -5434 0
-4378 4379 0
-5753 3075 0
5833 -1 -3215 0
-4277 1 0
-5927 5928 0
5458 -2816 -5459 0
5222 1981 0
-4498 4499 0
4965 -4966 -5008 0
-5631 5926 0
5781 -5784 0
-5043 5044 5046 0
-5528 5529 0
5351 1 0
-4689 4690 4692 0
-5465 -2817 0
-4196 -34 0
4894 -4897 0
-4565 4566 0
-4314 -1 -256 0
4199 30 31 0
-4375 4376 4378 0
-4946 5103 0
4715 -1429 -4716 0
4323 731 -4324 0
4485 -4486 0
5381 1 0
-4373 -741 0
-5595 5596 0
5879 3519 -5880 0
-4166 4167 0
-4933 4934 0
-4151 4152 0
-4261 4280 0
-4883 -1 -1329 0
4222 -4223 -4475 0
5002 1523 0
5411 1 0
4764 -4765 0
-4233 4234 0
-5918 1 0
-5180 1916 0
-5257 -1 -2047 0
5496 1 0
5644 -5645 -5861 0
4458 758 -4459 0
5542 -5545 0
-4218 4219 0
-5767 5768 0
-4601 4602 0
-5888 1 0
5941 -5944 0
5964 3536 -5965 0
-5041 -2113 0
5364 -1 -2230 0
-5199 2145 0
5397 -5398 0
-5834 5835 0
5412 -5413 0
4445 -4448 0
4325 -4328 0
-5435 5436 0
-5519 2584 0
-4871 1 0
4724 -4727 0
5501 2549 0
4211 -4212 -4530 0
4146 -4147 84 0
5298 -5299 -5467 0
5927 -3529 -5928 0
-4841 1 0
-4170 -60 0
-4840 4841 0
-5709 -3485 0
-4733 -1 -1073 0
4254 -4255 -4315 0
5158 -5159 0
4973 -4976 0
-4811 1 0
-5387 5388 5390 0
-5746 5747 5749 0
-4907 4908 0
5184 -2142 -5185 0
4738 1 0
-4691 1005 0
5557 -5558 0
-5392 5393 5395 0
5372 -5375 0
-5937 5938 0
-5603 2845 0
-5078 5079 5081 0
-4747 -1435 0
-4207 4208 0
4399 427 0
-4284 -1 -129 0
-4974 4975 0
4768 1 0
-5175 -1431 0
5344 -1 -2199 0
-5371 -1 -2308 0
4464 529 0
4466 -760 -4467 0
-4575 4576 0
4952 -4953 -5073 0
4798 1 0
-5041 5042 0
-4259 4260 0
5021 2109 -5022 0
5079 -2121 -5080 0
-4876 1322 0
5118 -5121 0
-4642 4643 0
-4921 5228 0
-5487 5488 5490 0
5133 -5136 0
4319 272 0
-4326 4327 0
-4482 552 0
4717 1429 -4718 0
-4819 4820 4822 0
4361 -739 -4362 0
-4323 -731 0
4988 -4989 0
-4144 -86 0
4478 762 -4479 0
-4828 -1 -1226 0
-4366 740 0
4966 -4967 -5003 0
-4826 1 0
-5380 -2800 0
-4873 -1 -1301 0
4606 -4607 -4679 0
-5543 5544 0
5762 -3496 -5763 0
4318 730 -4319 0
-5254 2156 0
4274 111 0
-4796 1 0
-5044 2114 0
-5144 5145 0
5945 3399 0
-5454 1 0
-5614 2752 0
-5726 5727 5729 0
-5264 5265 0
4147 -4148 83 0
-5240 -2026 0
-5806 5807 5809 0
-4181 4182 0
-5053 5054 5056 0
-5412 5413 5415 0
-4948 4949 0
-5932 3530 0
-4991 -2103 0
-4766 1 0
-5058 5059 5061 0
-5211 5212 0
-5503 2825 0
-5268 5617 0
5148 -5149 0
-4686 990 0
5911 -5914 0
-4583 4794 0
4260 -4261 -4285 0
-4616 4617 0
5926 -5929 0
4161 -4162 69 0
-5494 2133 0
-5383 5384 0
5419 -1 -2421 0
4416 -750 -4417 0
-4468 -760 0
5574 -1 -2671 0
-5667 5746 0
5030 -1 -1663 0
-5496 -1 -2133 0
-5356 -1 -2213 0
4310 -4313 0
5781 -5782 0
-5450 5451 0
-5733 3032 0
4709 -4712 0
5817 -3507 -5818 0
-4485 4486 4488 0
-5051 5052 0
-5471 -1 -2511 0
5860 1 0
-4695 1425 0
5551 2629 0
5719 3487 -5720 0
-4185 -45 0
5210 -1 -1964 0
5755 3075 0
-5524 1 0
-5583 2841 0
5890 1 0
-5373 2799 0
-4155 4156 0
4723 1063 0
4484 552 0
5415 2807 -5416 0
-5427 5428 5430 0
4167 -4168 63 0
5542 -5543 0
-4201 5622 0
-5786 5787 5789 0
-4662 -1418 0
-5033 5034 5036 0
5396 1 0
-5952 5953 0
-5305 5306 0
5221 2149 -5222 0
-4523 4524 0
-5472 5473 5475 0
5471 2511 0
5941 -5942 0
-5832 3510 0
-5118 5119 5121 0
-4724 4725 4727 0
5875 3274 0
-4245 4360 0
-4628 -1 -801 0
-4590 4591 0
-4552 682 0
4445 -4446 0
5016 2108 -5017 0
5619 -1 -2759 0
-4273 -721 0
4325 -4326 0
4994 -2104 -4995 0
4181 -4182 49 0
5783 -1 -3133 0
-4657 4658 0
4724 -4725 0
-5330 -2790 0
-4441 755 0
-4362 1 0
5502 -5505 0
4866 -1 -1291 0
-4258 4259 0
-5807 5808 0
5350 2794 -5351 0
-4854 4855 4857 0
5596 -2716 0
-5939 -3531 0
5130 -1 -1845 0
-4460 4461 4463 0
5979 -5984 0
-4174 -56 0
-4859 4860 4862 0
-4332 1 0
4973 -4974 0
-4159 -71 0
5710 2903 0
-4545 4546 4548 0
-5564 2654 0
-4693 -1 -1005 0
-5024 2110 0
-5874 5875 0
4638 819 0
5150 -1 1431 0
5372 -5373 0
-5859 5860 0
5271 -5272 -5602 0
-4302 1 0
5935 3371 0
-5578 2840 0
4334 300 0
5247 1 0
4300 -4303 0
4601 -4602 -4704 0
-5159 5160 0
5549 -1 -2629 0
-5662 5771 0
-5279 5280 0
-4319 -1 -272 0
-5187 -1 -1925 0
-5093 5094 5096 0
-5226 5227 0
-5434 -2121 0
-4579 4580 0
-5452 5453 5455 0
4469 -51 0
-5676 5701 0
-5544 2622 0
-4564 4565 0
5118 -5119 0
-4784 4785 4787 0
5133 -5134 0
-4947 4948 0
-4893 -1 -1343 0
-4165 4166 0
-5714 5715 0
5438 -2812 -5439 0
-5413 5414 0
-4603 4694 0
4925 -4926 -5208 0
5720 2920 0
5110 -1 -1814 0
-5396 -1 -2370 0
5463 -2817 -5464 0
4306 -728 -4307 0
-5001 -2105 0
5828 -1 -3208 0
-5014 5015 0
-4770 1440 0
-4232 4233 0
5919 3527 -5920 0
-4999 5000 0
-4148 -82 0
-4513 -769 0
5411 2407 0
4720 -1430 -4721 0
-5610 -2846 0
5882 -3520 -5883 0
-5081 5082 0
4182 -4183 48 0
-5850 -1 -2823 0
5759 3495 -5760 0
4694 -4697 0
-4520 4521 4523 0
-5066 5067 0
-4975 1 0
-5186 5187 0
-4525 4526 4528 0
-4896 1 0
-4220 4485 0
5093 -5096 0
5520 2828 -5521 0
-5773 3111 0
4848 1260 0
5672 -5673 -5721 0
-4366 4367 0
5775 3111 0
4653 1 0
-5907 3525 0
-4486 4487 0
5164 -2138 -5165 0
-5748 3060 0
-4661 928 0
5499 -1 -2549 0
5978 -5979 0
-4866 1 0
-4496 766 0
-4347 337 0
5207 1957 0
4549 1 0
4683 1 0
-4781 1 0
-4553 4554 0
-4502 584 0
5235 -1 -2019 0
-5967 5968 0
5911 -5912 0
-5320 5321 0
4421 -751 -4422 0
5865 3246 0
5854 3514 -5855 0
-5132 -1 -1845 0
4713 1 0
5926 -5927 0
-4154 4155 0
-4516 770 0
4839 -4842 0
5885 -2811 0
-4921 4922 0
-4405 4406 4408 0
-5796 5797 5799 0
5238 -5241 0
4310 -4311 0
-4221 4222 0
-4718 -1 -1048 0
-4206 4207 0
5930 3361 0
-5915 -1 -3337 0
4502 -1 -584 0
4709 -4710 0
-5099 2125 0
-5733 1 0
5301 -5302 -5452 0
-4288 4289 0
-4567 4874 0
-4757 -1437 0
5487 -5490 0
-4273 4274 0
4667 1419 -4668 0
-5621 -1 -2759 0
-5822 5823 0
-4393 4394 0
-5703 1 0
4276 -722 -4277 0
5886 -5889 0
-5651 5826 0
-4283 -723 0
-4731 1073 0
-4500 4501 4503 0
-5423 5424 0
5219 -2149 -5220 0
-5576 -1 -2671 0
-5889 5890 0
-5539 1 0
5875 1 0
5357 -5358 0
-4966 5003 0
4270 -4273 0
-4578 4819 0
-5326 1 0
-5047 -1 -1695 0
-5490 5491 0
-5984 1 0
-4825 1451 0
4285 -4288 0
5097 1777 0
-4158 -72 0
4476 -762 -4477 0
-5509 1 0
-4826 1226 0
5905 1 0
4999 -2105 -5000 0
-5190 1932 0
4501 -767 -4502 0
-5949 -3533 0
-4753 -1 -1117 0
4955 -4956 -5058 0
5943 -1 -3399 0
-5479 1 0
-4895 4896 0
-4711 1041 0
-5760 -1 -3090 0
-4845 1455 0
-4195 4196 0
-5776 5777 5779 0
-5596 -1 2716 0
-4962 4963 0
4408 748 -4409 0
-5165 1894 0
5353 -2795 -5354 0
-5962 3536 0
-4180 4181 0
5502 -5503 0
-5729 5730 0
4371 -741 -4372 0
-5501 -1 -2549 0
-5237 -1 -2019 0
-5462 5463 5465 0
4358 738 -4359 0
5517 -5518 0
-4563 4564 0
-4262 4263 0
4566 -4567 -4879 0
4430 -4433 0
-5029 5030 0
-4209 4540 0
-4247 4248 0
-4309 -1 -238 0
4609 -4610 -4664 0
5283 -5284 -5542 0
-5313 5392 0
-4630 4631 0
5117 1 0
-4925 5208 0
5040 -1 -1680 0
4692 1424 -4693 0
4300 -4301 0
5147 1 0
5063 -5066 0
-4697 4698 0
-4240 4385 0
-4266 720 0
5078 -5081 0
5107 1807 0
5611 2737 0
5835 1 0
-5203 5204 5206 0
5177 1 0
-5095 1777 0
4343 735 -4344 0
-5154 2136 0
-5324 5337 0
4220 -4221 -4485 0
-5908 3330 0
-4535 4536 4538 0
5468 -2818 -5469 0
-4997 -1 -1516 0
-4199 -31 0
5288 -5289 -5517 0
5341 1 0
5728 -1 -3016 0
5171 2139 -5172 0
-5899 5900 0
-5174 2140 0
-4169 4170 0
-5609 2737 0
5027 1652 0
-5403 2805 0
5371 1 0
-4936 4937 0
-5231 -2151 0
-5319 5320 0
5223 -5226 0
-4236 4237 0
-5836 5837 5839 0
5037 1673 0
-5442 5443 5445 0
5505 2825 -5506 0
-5522 5523 5525 0
4694 -4695 0
5455 2815 -5456 0
-5979 5980 5984 0
-4604 4605 0
-4417 1 0
5093 -5094 0
5205 -1 -1957 0
4982 1491 0
5142 1443 0
4468 760 -4469 0
-4900 1466 0
-5453 5454 0
-5899 -3523 0
4527 -1 -639 0
-5671 5726 0
-4387 1 0
5871 -5874 0
-4532 -646 0
-5260 2062 0
4332 -1 -300 0
5106 2126 -5107 0
-5438 5439 0
-4549 -1 -667 0
5751 -5754 0
5265 -1 -2069 0
4912 1468 -4913 0
-5556 -1 -2640 0
-5039 5040 0
5523 -2829 -5524 0
-5577 5578 5580 0
-5505 5506 0
5192 1 0
-5483 2821 0
4534 1 0
-5761 5762 5764 0
4802 1446 -4803 0
-5263 5264 5266 0
-4173 -57 0
-4510 4511 4513 0
5359 -1 -2221 0
-4869 4870 4872 0
4654 -4657 0
4752 1436 -4753 0
-5106 5107 0
-4332 300 0
5222 1 0
4888 -1336 0
4698 1 0
5390 2802 -5391 0
-4143 4144 0
5238 -5239 0
4805 -1447 -4806 0
-5288 5517 0
5967 -3537 -5968 0
-5732 3490 0
-4378 -742 0
-5475 -2819 0
-5293 5294 0
-5818 3194 0
-4511 4512 0
5086 2122 -5087 0
-4846 1260 0
-4215 4510 0
-5793 3143 0
5487 -5488 0
5224 -2150 -5225 0
-5816 5817 5819 0
5406 2400 0
-5360 5361 0
-5319 5362 0
-5143 5144 5146 0
-4578 4579 0
-5502 5503 5505 0
4675 -1421 -4676 0
-5345 5346 0
5886 -5887 0
-5148 5149 5151 0
-4341 735 0
-5188 5189 5191 0
5869 3517 -5870 0
-4834 4835 4837 0
5648 -5649 -5841 0
4814 -4817 0
5915 3337 0
5838 -1 -3225 0
-4645 4646 0
5267 2069 0
-5229 2151 0
5449 -1 -2467 0
4270 -4271 0
4604 -4605 -4689 0
-5030 1 0
4285 -4286 0
-4246 4247 0
-5688 1 0
5544 -1 -2622 0
4493 765 -4494 0
-4712 4713 0
4771 -1 -1145 0
-4162 -68 0
5312 -5313 -5397 0
-5571 -1 -2661 0
-5635 5906 0
-5000 1 0
-4147 -83 0
5447 -5450 0
-4313 4314 0
-5478 2820 0
-5862 5863 0
-5985 2760 0
-4433 4434 0
-4698 -1 -1020 0
-5847 5848 0
4628 1 0
-4950 5083 0
-4562 4899 0
-5929 5930 0
5849 3513 -5850 0
5493 -2823 -5494 0
5105 -1 -1807 0
-5860 -1 2811 0
4658 1 0
-5914 5915 0
-5666 5751 0
5778 -1 -3118 0
4550 -4551 0
5979 -5980 0
-5646 5851 0
5416 -2414 0
4258 -4259 -4295 0
4430 -4431 0
5610 2846 -5611 0
-5334 2181 0
-5214 5215 0
-4567 4568 0
5208 -5211 0
5500 2824 -5501 0
-5849 -3513 0
-5055 1717 0
5950 -3406 0
-4961 5028 0
5450 2814 -5451 0
-4935 4936 0
5607 -5610 0
-5482 5483 5485 0
-5210 1964 0
-4670 1420 0
4896 -1 -1350 0
-4809 4810 4812 0
5256 2156 -5257 0
5063 -5064 0
-4756 1124 0
-4814 4815 4817 0
5078 -5079 0
-5558 2836 0
4733 1073 0
-5787 3501 0
-4220 4221 0
-5758 1 0
-5769 5770 0
5784 3500 -5785 0
5477 -5478 0
-5297 5472 0
4390 -4393 0
4907 1467 -4908 0
-5069 5070 0
-5728 1 0
-5594 1 0
4159 -4160 71 0
5820 1 0
5162 1 0
5230 -1 -2012 0
-5054 5055 0
4456 -758 -4457 0
5982 -1 -690 0
4823 -741 0
-5807 3505 0
-5174 5175 0
-5713 2911 0
-4612 4649 0
-5564 1 0
-4224 4465 0
-4188 -42 0
5850 1 0
-4396 746 0
4639 -4642 0
-5121 5122 0
-5262 -1 -2062 0
-5241 5242 0
5223 -5224 0
5880 1 0
-5308 5417 0
5038 -5041 0
-5439 2453 0
5191 2143 -5192 0
4173 -4174 57 0
-4541 4542 0
-5308 5309 0
4883 1329 0
5810 3180 0
-5520 -2828 0
-4673 -1 -962 0
5000 -1 -1523 0
-5375 5376 0
-5800 -1 -3150 0
-5953 3413 0
-4593 4594 0
5871 -5872 0
-4999 2105 0
4784 -4787 0
-4976 4977 0
-4527 639 0
5682 -3480 -5683 0
-4194 4195 0
5247 2033 0
-5419 2421 0
4700 -1426 -4701 0
-4272 111 0
-4961 4962 0
-4402 1 0
4731 -1 -1073 0
-5641 5876 0
4210 -4211 -4535 0
4642 1414 -4643 0
-5871 5872 5874 0
-5458 2816 0
-4261 4262 0
5092 1 0
-5120 1828 0
-4372 1 0
-4381 4382 0
4654 -4655 0
4958 -4959 -5043 0
5938 -1 -3392 0
-4328 4329 0
4338 734 -4339 0
-5877 5878 0
5954 3534 -5955 0
-4448 4449 0
-4725 1431 0
5207 1 0
5831 -5834 0
-4970 4983 0
-5845 -1 -3232 0
-5478 5479 0
-5504 -2121 0
5711 -5714 0
-4146 -84 0
5726 -5729 0
5237 1 0
-5253 5254 5256 0
-5545 5546 0
5777 -3499 -5778 0
-4304 -1 -160 0
-4667 -1419 0
-5272 5597 0
-5764 -3496 0
-5803 3157 0
4612 -4613 -4649 0
-5862 3516 0
4814 -4815 0
5608 -2846 -5609 0
-5160 1 0
-4183 4184 0
5035 -1 -1673 0
-4950 4951 0
-4377 383 0
-4587 4774 0
5592 -5595 0
-4168 4169 0
5059 -2117 -5060 0
-5328 2790 0
5339 -1 -2188 0
-5717 5718 0
-5130 1 0
4813 1204 0
4357 -1 -351 0
-4250 4251 0
4342 -1 -330 0
5805 3157 0
-4235 4236 0
-5283 5542 0
-5846 5847 5849 0
-5886 5887 5889 0
5447 -5448 0
-5784 5785 0
-4471 761 0
-4442 1 0
-5100 1 0
-5492 5493 5495 0
5478 -2820 -5479 0
5462 -5463 0
-4891 1343 0
4773 1145 0
-4618 4619 0
4449 1 0
-5178 5179 5181 0
4375 -4378 0
-5385 5386 0
-5843 3232 0
-4357 351 0
4479 1 0
-5054 2116 0
-4852 -1456 0
4760 -1438 -4761 0
-4437 479 0
4558 778 -4559 0
4509 1 0
4643 1 0
5208 -5209 0
-5909 -3525 0
4861 -1 -1281 0
5023 -5026 0
4796 -1 741 0
5895 3305 0
-5401 -1 -2385 0
-4187 -43 0
-4857 4858 0
5146 2134 -5147 0
4673 1 0
5607 -5608 0
5638 -5639 -5891 0
-5887 5888 0
5036 2112 -5037 0
-4157 4158 0
-4924 4925 0
-5630 5931 0
4668 946 0
-4142 4143 0
4842 1454 -4843 0
4194 -4195 36 0
-5954 5955 0
-5307 5308 0
5747 -3493 -5748 0
5690 1 0
-4224 4225 0
5260 -1 -2062 0
4721 -1 -1063 0
-4991 4992 0
4390 -4391 0
-4945 5108 0
-5115 1 0
-4209 4210 0
-4741 1087 0
5720 1 0
5168 -5171 0
-4592 4593 0
-4800 1446 0
-5866 5867 5869 0
5004 -2106 -5005 0
-5085 1 0
5183 -5186 0
-4260 4285 0
-5743 1 0
4658 850 0
-4276 4277 0
4443 755 -4444 0
5029 -2111 -5030 0
-5552 5553 5555 0
-4371 741 0
-5354 2213 0
-5911 5912 5914 0
4639 -4640 0
5750 1 0
-5100 1800 0
-5615 -2847 0
4815 -1449 -4816 0
5025 -1 -1652 0
-5055 1 0
-5713 1 0
4599 -4600 -4714 0
-5579 1 0
-5259 2157 0
5038 -5039 0
-5255 2047 0
-5383 2801 0
-4523 -771 0
4286 -724 -4287 0
-5714 -3486 0
-5683 1 0
4777 1441 -4778 0
-4297 151 0
-5493 5494 0
-5937 3531 0
5696 -5699 0
4552 -1 -682 0
4487 -1 -559 0
5745 3053 0
4141 4141 0
-4161 -69 0
4727 1431 -4728 0
-5094 5095 0
-4781 1162 0
4713 1041 0
-5560 5561 0
5605 2845 -5606 0
5217 1971 0
-5965 -1 -3427 0
-5292 5497 0
4511 -769 -4512 0
5850 2823 0
-5162 -1 -1887 0
-5212 -1 -1964 0
-5191 -2143 0
-5281 5282 0
-4636 819 0
4253 -4254 -4320 0
-4198 4199 0
4691 -1 -1005 0
-5060 -1724 0
4607 -4608 -4674 0
-4607 4674 0
-4965 4966 0
5961 -5964 0
5405 2805 -5406 0
-5348 5349 0
4766 -1 -1138 0
-4566 4567 0
5084 -2122 -5085 0
-4472 1 0
-5333 5334 0
5601 1 0
4708 -1034 0
-5129 2131 0
5735 1 0
5077 1 0
-4459 -1 -514 0
5734 3490 -5735 0
-5415 5416 0
-4700 1426 0
5479 -1 -2525 0
-5532 5533 5535 0
4360 -4363 0
5831 -5832 0
-5400 5401 0
-5859 -3515 0
5242 -2026 0
5765 1 0
5107 1 0
-5971 5972 5974 0
5540 2832 -5541 0
-5218 5219 5221 0
-5588 2842 0
5726 -5727 0
5100 -1 -1800 0
4759 -4762 0
-4288 -724 0
5773 -1 -3111 0
5689 3481 -5690 0
-4700 4701 0
-5378 2800 0
4581 -4582 -4804 0
-5385 -2801 0
-5619 1 0
5795 1 0
-4150 -80 0
5137 1 0
5384 -1 -2353 0
-5464 2504 0
4798 -741 0
-4492 570 0
-4897 -1465 0
5813 -1 -3187 0
-4305 4306 4308 0
-4421 4422 0
4785 -1443 -4786 0
4969 -4970 -4988 0
5141 2133 -5142 0
4629 -4630 0
5340 2792 -5341 0
-5954 -3534 0
-4668 -1 -946 0
5592 -5593 0
4891 -1 -1343 0
-4488 4489 0
-5902 5903 0
-4651 1 0
5975 3449 0
-4473 4474 0
-4172 4173 0
-5107 -1 -1807 0
4904 -4907 0
5475 2819 -5476 0
-4621 1 0
-4369 -1 -373 0
-5969 5970 0
4235 -4236 -4410 0
-5322 5323 0
4580 -4581 -4809 0
5667 -5668 -5746 0
4495 -4496 0
4375 -4376 0
-5000 1523 0
-4622 4623 0
-4457 1 0
-4473 -761 0
-4624 4625 4627 0
-4743 -1 -1087 0
5153 -5156 0
-5687 3481 0
-4607 4608 0
-5865 -1 -3246 0
5147 1859 0
5037 1 0
5862 -3516 -5863 0
-5029 2111 0
-4427 1 0
-5530 -2830 0
-5616 -1 -2752 0
5552 -5555 0
-5946 5947 5949 0
-4208 4209 0
-5757 5758 0
-5917 3527 0
-4397 1 0
5023 -5024 0
-5707 3485 0
4369 373 0
4840 -1454 -4841 0
-5235 2019 0
5770 -3104 0
-5824 5825 0
-4582 4799 0
4494 1 0
-4980 1491 0
-5921 5922 5924 0
4234 -4235 -4415 0
5422 -5423 0
-5141 -2133 0
-4191 -39 0
-5027 -1 -1652 0
-4176 -54 0
-4701 1027 0
4693 1005 0
-5109 5110 0
5799 3503 -5800 0
-5828 3208 0
-5529 -2121 0
-5229 5230 0
4549 667 0
5563 -2837 -5564 0
5476 2518 0
5692 -3482 -5693 0
5599 -1 -2723 0
-4402 434 0
5708 -1 -2903 0
5441 2453 0
-5176 5177 0
-5296 5297 0
4378 742 -4379 0
-5215 1 0
4536 -774 -4537 0
4409 441 0
-5705 -1 -2896 0
5168 -5169 0
4983 -4986 0
5934 3530 -5935 0
-5236 -2152 0
5183 -5184 0
-4897 4898 0
4974 -2100 -4975 0
-4596 4597 0
4302 -1 -160 0
-5185 1 0
-5363 5364 0
-4581 4582 0
-5335 -2791 0
-4972 1 0
-4429 -1 -472 0
-5359 2221 0
-4964 4965 0
-4182 4183 0
4821 -1 741 0
5388 -2802 -5389 0
-4929 5188 0
-4290 4291 4293 0
-5358 2796 0
4394 1 0
-5070 1 0
4729 -4732 0
-5031 5032 0
-4249 4250 0
5486 2535 0
-4244 4365 0
-4279 -1 -118 0
4744 -4747 0
4424 1 0
-4501 767 0
-5040 1 0
4985 -1 -1498 0
5807 -3505 -5808 0
-5896 5897 5899 0
-4625 1411 0
5832 -3510 -5833 0
4313 729 -4314 0
-5698 2889 0
-4812 -1448 0
5143 -5146 0
-4316 4317 0
-4903 -1 -1357 0
-4436 4437 0
-5587 5588 5590 0
-5599 2723 0
5089 -2123 -5090 0
5334 -1 -2181 0
5955 3413 0
-4503 4504 0
5961 -5962 0
-5270 5271 0
-5972 3538 0
5976 -5977 0
-5762 3496 0
4889 -4892 0
-5480 -2820 0
5065 -1 -1731 0
4360 -4361 0
-4171 4172 0
-5828 1 0
5586 1 0
-4938 4939 0
-4156 4157 0
-4591 4754 0
5494 -1 -2133 0
4759 -4760 0
-4838 -1 -1242 0
-5798 1 0
5616 1 0
-4238 4239 0
-4270 4271 4273 0
4144 -4145 86 0
5537 -5540 0
-5675 5706 0
-4223 4224 0
-4276 722 0
-5772 5773 0
-4343 4344 0
5887 -3521 -5888 0
-4911 1379 0
-5768 1 0
4349 337 0
5780 1 0
4856 -1 -1274 0
5936 -5939 0
-4830 1452 0
-5373 5374 0
5816 -5819 0
-5839 5840 0
-5604 1 0
-5961 5962 5964 0
4320 -4323 0
-5440 5441 0
4533 773 -4534 0
-5413 2807 0
4786 -1 -753 0
-5808 3180 0
4682 1422 -4683 0
5521 2584 0
4141 -4142 -4200 0
4426 -752 -4427 0
-4175 -55 0
-4845 4846 0
-4324 -1 -283 0
-5151 -2135 0
-5122 -1 -1828 0
5153 -5154 0
5160 -1 -1887 0
-4557 1 0
-4537 653 0
-4145 4146 0
5429 -1 -2443 0
4820 -1450 -4821 0
4858 1 0
-4912 4913 0
4817 1449 -4818 0
5552 -5553 0
-5679 5680 0
-4527 1 0
-5489 2542 0
4707 1427 -4708 0
-4212 4213 0
4888 1 0
5022 1 0
4480 -4483 0
-4762 -1438 0
-4979 4980 0
4776 -1 -1155 0
4321 -731 -4322 0
-4271 721 0
5983 -1 -1380 0
5052 1 0
-4580 4581 0
4284 129 0
4482 -1 -552 0
-5819 -3507 0
-5046 5047 0
-5159 2137 0
5082 1 0
5113 -5116 0
-4647 4648 0
4521 -771 -4522 0
4412 -1 -448 0
5195 -1 -1939 0
-5936 5937 5939 0
5128 -5131 0
4648 833 0
5335 2791 -5336 0
-4566 4879 0
4930 -4931 -5183 0
-5742 3492 0
4873 1301 0
4983 -4984 0
-4149 -81 0
-5670 5731 0
-5282 5547 0
5096 2124 -5097 0
5580 2840 -5581 0
-5849 5850 0
-5548 5549 0
5366 2230 0
4874 -4877 0
5470 2818 -5471 0
-4597 4724 0
-4676 1 0
-4542 1 0
-5200 1 0
4792 1444 -4793 0
-4351 737 0
-4907 -1467 0
5474 -1 -2518 0
-5269 5270 0
-4746 1110 0
-4186 4187 0
5628 -5629 -5941 0
5231 2151 -5232 0
4294 1 0
5977 -5978 0
-4512 1 0
-4953 4954 0
-5170 1 0
-4905 1467 0
-4861 1281 0
-5964 -3536 0
-4433 -753 0
4744 -4745 0
4584 -4585 -4789 0
4324 1 0
-4482 1 0
-5321 5322 0
5143 -5144 0
4409 1 0
5076 2120 -5077 0
5421 2421 0
-5403 5404 0
-5488 2822 0
5921 -5924 0
5925 3351 0
-5388 5389 0
5801 -5804 0
5145 -1 -1859 0
-4280 4281 4283 0
4439 1 0
-5508 5509 0
-4228 4445 0
-5101 -2125 0
4305 -4308 0
-5455 5456 0
-4352 -344 0
4469 1 0
-4282 129 0
5511 2556 0
5211 2147 -5212 0
-5575 5576 0
-5248 5249 5251 0
4704 -4707 0
-5312 5397 0
4238 -4239 -4395 0
-5056 5057 0
4583 -4584 -4794 0
-5642 5643 0
-4190 -40 0
-4476 4477 0
5361 2221 0
5892 -3522 -5893 0
-4160 4161 0
-5769 -3497 0
-5709 5710 0
-5240 1 0
5537 -5538 0
5343 -2793 -5344 0
4532 -1 646 0
-5234 2152 0
-5795 -1 -3143 0
-5012 -1 -1540 0
-5310 5311 0
-4677 -1421 0
-4528 4529 0
5839 3511 -5840 0
5936 -5937 0
-5295 5296 0
4987 1498 0
-5110 1814 0
-4738 -1 -1080 0
5152 -1431 0
5586 2702 0
-4595 4596 0
4440 -4441 0
4625 -1411 -4626 0
5305 -5306 -5432 0
4320 -4321 0
-5817 3507 0
4369 1 0
-5246 -2154 0
-5008 5009 5011 0
5697 -3483 -5698 0
4335 -4336 0
-4196 4197 0
-4654 4655 4657 0
-5659 5786 0
5974 3538 -5975 0
-5013 5014 5016 0
-5271 5602 0
-5594 -2716 0
-4662 4663 0
4154 -4155 76 0
-4289 -1 -136 0
-4340 4341 4343 0
-5983 1380 0
-5345 -2793 0
4801 -1 -1176 0
5497 -5500 0
4546 -776 -4547 0
-4263 4264 0
-5812 5813 0
-4586 4779 0
-4383 4384 0
-4179 -51 0
-4426 752 0
-4655 1417 0
-4721 1063 0
4916 -4917 -5253 0
-4164 -66 0
-5820 -1 -3194 0
5774 3498 -5775 0
-5879 5880 0
4565 -4566 -4884 0
-4646 833 0
-5914 -3526 0
-4383 -743 0
5367 -5368 0
-5728 3016 0
4959 -4960 -5038 0
5501 1 0
5855 3239 0
4480 -4481 0
4295 -4298 0
-5440 -2812 0
-5164 5165 0
-5284 5285 0
5258 -5261 0
-5883 1 0
5531 1 0
4873 1 0
-5563 2837 0
-4885 4886 0
-4584 4585 0
-5307 5422 0
4680 -1422 -4681 0
4980 -1 -1491 0
-4881 1329 0
-5853 1 0
5561 1 0
4903 1 0
-4569 4570 0
5197 1939 0
5113 -5114 0
-5051 -2115 0
5128 -5129 0
-4952 4953 0
-4170 4171 0
-5719 5720 0
-4487 559 0
-5382 5383 5385 0
4613 -4614 -4644 0
-4988 4989 4991 0
5527 -5528 0
-4634 4635 4637 0
4711 -1 -1041 0
-4674 4675 4677 0
4905 -1467 -4906 0
-4237 4238 0
4174 -4175 56 0
4322 -1 -283 0
-4320 4321 4323 0
-4153 -77 0
-5470 5471 0
-4528 -772 0
4381 -743 -4382 0
4874 -4875 0
-4984 2102 0
4689 -4692 0
4673 962 0
4632 1412 -4633 0
-5619 2759 0
-5191 5192 0
-5585 -2841 0
-4627 -1411 0
-4801 1176 0
-5872 3518 0
5088 -5091 0
-5612 5613 5615 0
-4371 4372 0
-4691 1 0
-4491 4492 0
-5617 5618 5620 0
-5684 -3480 0
4328 732 -4329 0
-5634 5911 0
-4661 1 0
-5196 -2144 0
5351 2206 0
-4558 4559 0
-5892 3522 0
-4798 -1 741 0
-5325 5326 0
4851 -1 -1267 0
-4543 4544 0
-4949 5088 0
4309 1 0
-4631 1 0
-4561 4904 0
-4497 1 0
5921 -5922 0
-4666 946 0
-4722 -1430 0
5801 -5802 0
4834 -4837 0
-4926 4927 0
-4144 4145 0
-5665 5756 0
4849 -4852 0
4997 1 0
4339 1 0
4911 -1 -1379 0
-4610 4611 0
5581 2681 0
4305 -4306 0
-4730 1432 0
-4211 4212 0
4650 -1416 -4651 0
-4331 4332 0
-4295 4296 4298 0
4704 -4705 0
-5406 -1 -2400 0
-4773 -1 -1145 0
5593 -2843 -5594 0
5005 -1 -1531 0
4949 -4950 -5088 0
-5618 2848 0
-4300 4301 4303 0
-4380 4381 4383 0
-5788 -2811 0
-4278 4279 0
-5780 -1 -3118 0
-5827 5828 0
-5390 -2802 0
-4633 -1 -808 0
-5449 1 0
-4398 4399 0
5965 1 0
-4354 -1 344 0
-4212 4525 0
5881 -5884 0
4850 -1456 -4851 0
-5428 5429 0
5761 -5764 0
4175 -4176 55 0
-5419 1 0
-5296 5477 0
4265 -4268 0
-5495 5496 0
-5389 1 0
-5255 1 0
4196 -4197 34 0
-5299 5300 0
-4867 -1459 0
-4611 4654 0
-4223 4470 0
5727 -3489 -5728 0
-4557 689 0
-5225 1 0
5561 2647 0
-4683 -1 -983 0
-4476 762 0
-4900 4901 0
-5924 -3528 0
5095 -1 -1777 0
-5667 5668 0
5589 -1 -2709 0
5082 -1431 0
-5195 1 0
4407 -1 -441 0
5190 -1 -1932 0
-4748 -1 -1110 0
-4200 4201 0
4354 1 0
-4967 4968 0
-5783 3133 0
4307 -1 -238 0
5497 -5498 0
5026 2110 -5027 0
-5734 5735 0
-4848 -1 -1260 0
-5059 2117 0
-5950 -1 3406 0
-5535 -2831 0
4384 1 0
4425 -4428 0
-4975 1478 0
-5335 5336 0
-5034 5035 0
-5858 -2811 0
-5389 2363 0
-5947 3533 0
-5569 2661 0
5428 -2810 -5429 0
4414 1 0
4295 -4296 0
5401 1 0
-4958 5043 0
4272 -1 -111 0
5631 -5632 -5926 0
5258 -5259 0
-4489 -1 -559 0
5073 -5076 0
-5983 1 0
-4672 -1420 0
5431 1 0
-4807 4808 0
-4506 4507 0
5782 -3500 -5783 0
-5654 5811 0
-5549 2629 0
-5111 -2127 0
4618 -1 -4619 0
-5953 1 0
-4202 5268 0
5461 1 0
-5102 -1 -1800 0
4767 1439 -4768 0
-5344 1 0
-5868 1 0
5546 1 0
-4805 1447 0
-4969 4988 0
4379 383 0
-5904 5905 0
-5476 -1 -2518 0
4419 455 0
-4174 4175 0
4819 -4822 0
-4941 4942 0
-5838 1 0
5218 -5221 0
4743 1087 0
-5309 5310 0
-5388 2802 0
5483 -2821 -5484 0
-5779 -3499 0
-5206 -2146 0
-5242 -1 2026 0
4689 -4690 0
-4609 4610 0
5088 -5089 0
-5372 5373 5375 0
-4631 808 0
-4978 4979 4981 0
5948 -1 3406 0
4444 -51 0
4765 -1439 -4766 0
-5302 5447 0
-4379 -1 -383 0
-4817 -1449 0
5866 -5869 0
-4664 4665 4667 0
-5443 5444 0
5746 -5749 0
-5063 5064 5066 0
-4310 4311 4313 0
-5563 5564 0
-4866 1291 0
-5920 -1 -3344 0
-5479 2525 0
4429 472 0
-5874 -3518 0
-5044 5045 0
-5316 5377 0
-4507 591 0
-5536 -1 -2606 0
5530 2830 -5531 0
4788 1 0
5868 -1 -3267 0
-5510 5511 0
-4456 758 0
-4544 -1 -660 0
-5630 5631 0
-4178 -52 0
4560 -4561 -4909 0
5420 2808 -5421 0
4649 -4652 0
4156 -4157 74 0
5476 1 0
4382 -1 -390 0
4818 1 0
4849 -4850 0
4893 1343 0
-5231 5232 0
5820 3194 0
5226 2150 -5227 0
-4148 4149 0
-5134 2132 0
-5697 5698 0
-4915 4916 0
-5376 -1 -2326 0
5752 -3494 -5753 0
-5908 1 0
5506 1 0
4848 1 0
4982 1 0
-4393 -745 0
-5298 5299 0
5814 3506 -5815 0
5538 -2832 -5539 0
-4516 4517 0
-4621 788 0
-4933 5168 0
-5283 5284 0
5257 2047 0
5381 2342 0
-4404 -1 -434 0
5704 3484 -5705 0
-5717 3487 0
-5450 -2814 0
-4676 973 0
4827 1451 -4828 0
-5649 5836 0
-5365 5366 0
-4583 4584 0
5952 -3534 -5953 0
-4248 4345 0
4410 -4413 0
5881 -5882 0
-5350 5351 0
-5629 5936 0
4214 -4215 -4515 0
-5192 -1 -1932 0
-4860 1458 0
-4964 5013 0
4809 -4812 0
-4650 4651 0
5504 -1 2121 0
4962 -4963 -5023 0
-5061 -2117 0
4265 -4266 0
-4488 -764 0
-5038 5039 5041 0
5234 -2152 -5235 0
4280 -4281 0
-4684 4685 4687 0
-4167 -63 0
-4370 4371 4373 0
-4746 1 0
-4729 4730 4732 0
-5404 1 0
5695 2878 0
-4152 -78 0
-4716 1048 0
-4438 4439 0
-4716 1 0
5337 -5340 0
-5374 1 0
4185 -4186 45 0
5660 -5661 -5781 0
-5280 5557 0
-5671 5672 0
4788 753 0
4459 514 0
-5156 -2136 0
-5463 2817 0
-4539 -1 -653 0
5129 -2131 -5130 0
-4686 1 0
-4886 -1336 0
4616 -4617 -4629 0
-5272 5273 0
-4678 -1 -973 0
-4207 4550 0
4425 -4426 0
4432 -1 -63 0
4284 1 0
-4572 4573 0
-5311 5402 0
4386 -744 -4387 0
5203 -5206 0
-5679 5686 0
-5002 -1 -1523 0
-5291 5502 0
-5324 5325 0
-4677 4678 0
-4813 -1 -1204 0
-4367 373 0
5602 -5605 0
-4158 4159 0
-5707 5708 0
-5940 -1 -3392 0
5924 3528 -5925 0
-5824 -3508 0
5760 3090 0
4227 -4228 -4450 0
-4606 4679 0
-5137 -1 -1852 0
-5189 2143 0
5073 -5074 0
5910 1 0
-4531 773 0
-4732 -1432 0
-4225 4226 0
-5774 5775 0
-4200 5976 0
4944 -4945 -5113 0
-4199 -30 0
5472 -5473 0
-5458 5459 0
-5098 5099 5101 0
-5474 1 0
5940 1 0
-4704 4705 4707 0
5525 2829 -5526 0
-4350 4351 4353 0
-4430 4431 4433 0
4846 -1 -1260 0
-5179 5180 0
5905 3319 0
-4343 -735 0
5970 1 0
4908 1372 0
-5968 1 0
-5624 5961 0
5446 1 0
-4414 -1 -448 0
-4193 -37 0
-4806 1197 0
4819 -4820 0
-5359 1 0
4303 727 -4304 0
4906 -1 -1372 0
-5400 -2804 0
-5246 5247 0
5642 -5643 -5871 0
-5938 1 0
5859 3515 -5860 0
5218 -5219 0
-5638 5891 0
5033 -5036 0
-5329 1 0
4441 -755 -4442 0
5233 -5234 0
5809 3505 -5810 0
-4546 4547 0
4598 -4599 -4719 0
-5313 5314 0
-4531 4532 0
-4953 5068 0
-4438 -754 0
-4653 -1 -841 0
-4914 4915 0
-5980 5981 5983 0
-5380 5381 0
-4630 1412 0
-4312 1 0
-4598 4599 0
5713 -1 -2911 0
4885 -1463 -4886 0
-4877 -1461 0
-4758 -1 -1124 0
5866 -5867 0
-5495 -2823 0
-5265 2069 0
5746 -5747 0
4779 -4782 0
-4981 4982 0
-5518 2828 0
-4858 -1 -1274 0
-5765 -1 -3097 0
-4282 1 0
4794 -4797 0
-5934 -3530 0
4209 -4210 -4540 0
5193 -5196 0
5346 1 0
-4266 4267 0
5737 -3491 -5738 0
-4386 4387 0
4649 -4650 0
5963 -1 -3427 0
-5286 5527 0
-4764 4765 4767 0
5376 1 0
-4312 256 0
-4333 4334 0
-5882 5883 0
5090 -1 -1770 0
4337 -1 -315 0
-4453 4454 0
4540 -4543 0
-4601 4704 0
5019 -2109 -5020 0
4762 1438 -4763 0
5706 -5709 0
4145 -4146 85 0
-4851 1267 0
-5923 1 0
5491 1 0
-5798 3150 0
4397 -1 -427 0
5721 -5724 0
-4397 427 0
-5287 5288 0
4410 -4411 0
-5840 -1 -3225 0
-5893 1 0
-4281 723 0
5521 1 0
-5264 2158 0
4166 -4167 64 0
-4682 -1422 0
-5655 5656 0
-5032 -1 -1663 0
4809 -4810 0
-4835 1453 0
-5863 1 0
4411 -749 -4412 0
-5739 -3491 0
-4955 4956 0
5587 -5590 0
-5722 5723 0
5467 -5470 0
-4831 1235 0
-4293 4294 0
-4876 1 0
-5847 3513 0
-4267 1 0
5629 -5630 -5936 0
4697 1425 -4698 0
-5789 5790 0
-4846 1 0
-5350 -2794 0
4647 1415 -4648 0
4529 639 0
5337 -5338 0
4370 -4373 0
4503 767 -4504 0
4537 -1 -653 0
-5390 5391 0
-4928 5193 0
-4816 1 0
5960 3420 0
-5216 -2148 0
5255 -1 -2047 0
5074 -2120 -5075 0
4733 1 0
4701 -1 -1027 0
-4263 4270 0
4172 -4173 58 0
5045 -1 -1695 0
5436 -2121 0
-5467 5468 5470 0
-4795 4796 0
4763 1 0
-5339 2188 0
5488 -2822 -5489 0
5203 -5204 0
5883 -1 2811 0
-4827 -1451 0
-4705 1427 0
-5461 -1 -2497 0
-5644 5645 0
4793 1 0
-5150 -1431 0
-4192 -38 0
-4862 4863 0
-5574 2671 0
4793 1169 0
5602 -5603 0
-5629 5630 0
-5035 1673 0
-5561 -1 -2647 0
-5884 -3520 0
-5215 1971 0
4239 -4240 -4390 0
-4353 -737 0
4186 -4187 44 0
-4162 4163 0
4770 -1440 -4771 0
-4761 1131 0
-5164 2138 0
5932 -3530 -5933 0
-4929 4930 0
-5267 -1 -2069 0
5460 2816 -5461 0
-5706 5707 5709 0
-4996 4997 0
-5275 5582 0
4269 98 0
5189 -2143 -5190 0
-4447 486 0
-5868 3267 0
-5747 3493 0
4339 315 0
5163 -5166 0
-5331 -1 -2168 0
-4597 4598 0
-4831 1 0
-5489 1 0
-5021 -2109 0
-4590 4759 0
4563 -4564 -4894 0
5794 3502 -5795 0
-4401 4402 0
5087 1763 0
5354 -1 -2213 0
-4801 1 0
4471 -761 -4472 0
-5459 1 0
5955 1 0
5127 1835 0
4867 1459 -4868 0
5033 -5034 0
-4356 738 0
-4468 4469 0
-5590 -2842 0
-4771 1 0
-5429 1 0
4757 1437 -4758 0
-5088 5089 5091 0
-5447 5448 5450 0
-4694 4695 4697 0
-5498 5499 0
5691 -5694 0
5395 2803 -5396 0
5793 -1 -3143 0
-5618 5619 0
-4166 -64 0
-4498 -766 0
-5133 5134 5136 0
-5689 -3481 0
-4779 4780 4782 0
5201 2145 -5202 0
-5219 5220 0
4217 -4218 -4500 0
5091 2123 -5092 0
4779 -4780 0
-5493 2823 0
-5424 2428 0
5041 2113 -5042 0
4794 -4795 0
-4277 118 0
-4703 -1 -1027 0
-5286 5287 0
5244 -2154 -5245 0
-4937 5148 0
-5484 2535 0
-4970 4971 0
4631 -1 -808 0
5193 -5194 0
5137 1852 0
-4512 601 0
-5166 -2138 0
-5125 1835 0
5956 -5959 0
-5686 5687 5689 0
4187 -4188 43 0
-5353 5354 0
-4571 4572 0
-4760 1438 0
-4515 4516 4518 0
-4252 4325 0
-5338 5339 0
5851 -5854 0
4526 -772 -4527 0
4498 766 -4499 0
5885 1 0
4355 -4358 0
5361 1 0
-5405 5406 0
-5525 5526 0
-5521 -1 -2584 0
-4454 -1 -507 0
5721 -5722 0
4754 -4757 0
5391 1 0
-5834 -3510 0
-4685 1423 0
-5261 -2157 0
-4303 -727 0
-4825 4826 0
5740 3043 0
5421 1 0
-5507 5508 5510 0
-4524 -1 -632 0
-5360 -2796 0
-4754 4755 4757 0
-5113 5114 5116 0
-4892 4893 0
4304 160 0
-5659 5660 0
5140 -1 -1443 0
-4877 4878 0
-4872 -1460 0
-4382 390 0
5587 -5588 0
5529 -1 2121 0
5822 -3508 -5823 0
4507 -1 -591 0
-4478 4479 0
-5669 5736 0
-5929 -3529 0
-4944 4945 0
-4411 749 0
-5730 -1 -3016 0
-4367 1 0
5681 -5684 0
5426 2428 0
4795 -1445 -4796 0
-4896 1350 0
5261 2157 -5262 0
-5885 -1 2811 0
-5312 5313 0
-4665 4666 0
4370 -4371 0
-4337 1 0
-5089 2123 0
-4474 -1 -536 0
5899 3523 -5900 0
4385 -4386 0
-4146 4147 0
-5222 -1 -1981 0
-4431 753 0
-4362 358 0
-4768 -1 -1138 0
-4612 4613 0
5214 -2148 -5215 0
4863 1281 0
-4732 4733 0
-4307 1 0
5496 2133 0
-4422 465 0
-4448 -756 0
5547 -5550 0
5242 1 0
-5548 2834 0
-5762 5763 0
5595 2843 -5596 0
4317 -1 -272 0
-5805 -1 -3157 0
5645 -5646 -5856 0
-5414 -2414 0
4449 486 0
-5505 -2825 0
5018 -5019 0
4496 -766 -4497 0
4806 -1 -1197 0
-5829 5830 0
-5252 -1 -2040 0
-5633 5634 0
-4181 -49 0
4778 1 0
-4734 4735 4737 0
-4227 4450 0
-5116 -2128 0
-5771 5772 5774 0
-5234 5235 0
5328 -2790 -5329 0
5348 -2794 -5349 0
-4943 5118 0
-4642 -1414 0
4212 -4213 -4525 0
5299 -5300 -5462 0
-5301 5302 0
-4740 1434 0
5163 -5164 0
-4258 4295 0
-5718 2920 0
5178 -5179 0
4255 -4256 -4310 0
-4902 4903 0
-5669 5670 0
-5368 5369 0
-5418 2808 0
-5105 1807 0
-4586 4587 0
5573 -2839 -5574 0
-4980 1 0
-5211 -2147 0
5616 2752 0
-5700 -1 -2889 0
-4555 4556 4558 0
-4901 1 0
-4989 2103 0
5085 -1 -1763 0
-5217 -1 -1971 0
-4452 507 0
5049 -2115 -5050 0
-5913 3337 0
4453 757 -4454 0
-5877 3519 0
-5420 5421 0
-5491 -1 -2542 0
5691 -5692 0
4392 -1 -420 0
4678 1 0
-4574 4839 0
-4786 1 0
4739 -4742 0
4953 -4954 -5068 0
5959 3535 -5960 0
5443 -2813 -5444 0
4619 -4622 0
-5141 5142 0
-5678 5691 0
5863 -1 -3246 0
-4484 -1 -552 0
-4155 -75 0
4708 1 0
4331 -733 -4332 0
5138 -5141 0
-4756 1 0
-5658 5791 0
-5341 -1 -2188 0
-4441 4442 0
-4486 764 0
4737 1433 -4738 0
-4426 4427 0
-4787 -1443 0
-4605 4684 0
-4641 826 0
4309 238 0
4627 1411 -4628 0
-4508 4509 0
-5437 5438 5440 0
4485 -4488 0
5956 -5957 0
-5275 5276 0
-5844 -3512 0
-4493 4494 0
5971 -5972 0
5632 -5633 -5921 0
4388 744 -4389 0
5851 -5852 0
4884 -4887 0
4758 1124 0
-4398 -746 0
-5643 5644 0
4899 -4902 0
-4560 4561 0
4588 -4589 -4769 0
-5708 1 0
4942 -4943 -5123 0
4355 -4356 0
-5455 -2815 0
-4943 4944 0
4696 -1 -1020 0
5122 1828 0
4754 -4755 0
-5544 1 0
5870 1 0
-4342 330 0
5245 -1 -2033 0
-5469 2511 0
4972 -1 -4973 0
5532 -5535 0
-4236 4405 0
4197 -4198 33 0
-5777 5778 0
-5756 5757 5759 0
5412 -5415 0
-5514 1 0
5900 1 0
-4348 4349 0
-5444 2460 0
5931 -5934 0
5286 -5287 -5527 0
-5378 5379 0
-5320 5357 0
5811 -5814 0
4368 740 -4369 0
-5484 1 0
-5844 5845 0
5930 1 0
5840 3225 0
4242 -4243 -4375 0
4780 -1442 -4781 0
5674 -5675 -5711 0
4800 -1446 -4801 0
4315 -4318 0
-4815 1449 0
-4247 4350 0
-5565 5566 0
5151 2135 -5152 0
4633 808 0
5681 -5682 0
-5249 5250 0
-5851 5852 5854 0
-5632 5633 0
5070 -1 -1738 0
-5497 5498 5500 0
-4850 4851 0
-5064 2118 0
-5103 5104 5106 0
-5316 5317 0
-5600 -2844 0
4847 1455 -4848 0
-5183 5184 5186 0
5237 2019 0
-4150 4151 0
-5948 -3406 0
-5952 3534 0
-5699 5700 0
-5653 5816 0
-4917 4918 0
4481 -763 -4482 0
5547 -5548 0
-5684 5685 0
-5126 -2130 0
5435 2811 -5436 0
4447 -1 -486 0
-4255 4256 0
4241 -4242 -4380 0
5142 1 0
-4322 1 0
-4217 4218 0
4475 -4478 0
5404 -1 -2400 0
-4968 4993 0
-4984 4985 0
5598 -2844 -5599 0
-4580 4809 0
5172 1 0
5131 2131 -5132 0
-4985 1498 0
-4737 -1433 0
-5736 5737 5739 0
5257 1 0
-5422 5423 5425 0
4345 -4346 0
5336 1 0
-5833 3215 0
5108 -5111 0
5170 -1 -1909 0
-5794 -3502 0
4782 1442 -4783 0
4871 -1 -1301 0
5366 1 0
5003 -5006 0
-4407 441 0
4732 1432 -4733 0
-4456 4457 0
5240 -1 2026 0
4569 -4570 -4864 0
4538 774 -4539 0
4626 -1 -801 0
4843 1249 0
4977 1478 0
-4154 -76 0
4750 -1436 -4751 0
-4211 4530 0
-5393 2803 0
4362 -1 -358 0
5066 2118 -5067 0
-4804 4805 4807 0
-5315 5382 0
-5673 5674 0
4869 -4872 0
-5163 5164 5166 0
-4927 5198 0
-5658 5659 0
-5295 5482 0
-4849 4850 4852 0
-5370 -2798 0
-4495 4496 4498 0
-4392 1 0
-4191 4192 0
5434 -1 2121 0
5894 3522 -5895 0
-4302 160 0
-4242 4375 0
-4958 4959 0
4499 1 0
-4882 -1462 0
-4222 4475 0
4739 -4740 0
-4886 1 0
-5326 5327 0
-5703 2896 0
4529 1 0
-5112 -1 -1814 0
5138 -5139 0
-4890 1464 0
-4408 -748 0
-5792 5793 0
5545 2833 -5546 0
5576 2671 0
-5119 2129 0
-4432 63 0
4157 -4158 73 0
5694 3482 -5695 0
5217 1 0
-4434 -1 -63 0
-5393 5394 0
4559 1 0
4693 1 0
5796 -5799 0
-5513 5514 0
-4499 -1 -577 0
4997 1516 0
-5982 690 0
4723 1 0
-5702 3484 0
-5460 5461 0
-4409 -1 -441 0
-4671 962 0
-5580 5581 0
-4517 611 0
-5130 1845 0
5829 3509 -5830 0
4884 -4885 0
-5642 5871 0
4699 -4702 0
-5076 -2120 0
-4818 -1 -1219 0
4899 -4900 0
-4880 4881 0
-5647 5648 0
5227 1991 0
-4195 -35 0
-4865 4866 0
-5722 3488 0
-4359 -1 -351 0
-4957 5048 0
-4569 4864 0
-4311 729 0
-4389 -1 -397 0
-4466 4467 0
-5223 5224 5226 0
-4470 4471 4473 0
-5673 5716 0
-4829 4830 4832 0
-4932 4933 0
5532 -5533 0
-5035 1 0
-5693 1 0
5236 2152 -5237 0
-5315 5316 0
-4553 -777 0
-4533 4534 0
-5744 -3492 0
4506 -768 -4507 0
4460 -4463 0
-4331 733 0
-5300 5301 0
5931 -5932 0
-4708 -1 1034 0
5811 -5812 0
-5005 1 0
-5127 -1 -1835 0
-4652 -1416 0
4859 -4862 0
-4600 4601 0
-5448 2814 0
5902 -3524 -5903 0
-5710 -1 -2903 0
5017 1618 0
-4720 4721 0
4315 -4316 0
5570 2838 -5571 0
4330 -4331 0
-5290 5507 0
-4667 4668 0
-4787 4788 0
5135 -1 -1852 0
-5221 -2149 0
4198 -4199 32 0
4394 420 0
-5304 5437 0
5302 -5303 -5447 0
-4388 4389 0
5772 -3498 -5773 0
5387 -5390 0
5797 -3503 -5798 0
4640 -1414 -4641 0
-4542 660 0
-4169 -61 0
-5436 -1 2121 0
5583 -2841 -5584 0
4818 1219 0
-4231 4430 0
5603 -2845 -5604 0
5571 2661 0
4383 743 -4384 0
-4640 1414 0
5054 -2116 -5055 0
4475 -4476 0
-5978 5979 5985 0
-4358 -738 0
-5194 2144 0
5785 1 0
-5289 5290 0
5253 -5256 0
-4706 -1034 0
4865 -1459 -4866 0
-4889 4890 4892 0
5715 2911 0
5157 1866 0
-5274 5275 0
-4627 4628 0
-5415 -2807 0
-4660 1418 0
-5599 1 0
-5637 5896 0
5815 1 0
4336 -734 -4337 0
5157 1 0
-4574 4575 0
5108 -5109 0
5123 -5124 0
-5777 3499 0
-5569 1 0
5845 1 0
-4952 5073 0
5187 1 0
5003 -5004 0
5717 -3487 -5718 0
-5724 5725 0
-5026 -2110 0
5940 3392 0
-5408 5409 0
-5685 -1 -2858 0
-4638 -1 -819 0
-4892 -1464 0
-5648 5841 0
-5129 5130 0
-4843 -1 -1249 0
5635 -5636 -5906 0
-4386 744 0
4791 -1 -1169 0
4869 -4870 0
-5364 2230 0
4684 -4687 0
-5938 3392 0
4591 -4592 -4754 0
5109 -2127 -5110 0
-5196 5197 0
-4503 -767 0
-4751 1117 0
5200 -1 -1950 0
-5404 2400 0
4389 397 0
-4496 4497 0
-5560 -2836 0
-4481 4482 0
-4407 1 0
-5523 2829 0
4391 -745 -4392 0
-5821 5822 5824 0
5976 -5987 0
-5901 5902 5904 0
-5330 5331 0
-4377 1 0
-5279 5562 0
-4548 4549 0
5289 -5290 -5512 0
-5906 5907 5909 0
-5750 -1 -3060 0
-5153 5154 5156 0
5916 -5917 0
-5152 -1 1431 0
-5233 5234 5236 0
5796 -5797 0
4829 -4832 0
-4931 4932 0
5985 -1 -2760 0
4810 -1448 -4811 0
-4347 1 0
4245 -4246 -4360 0
4844 -4847 0
-4594 4739 0
5677 -5678 -5696 0
4835 -1453 -4836 0
-4206 4555 0
5202 1 0
4544 1 0
-4735 4736 0
5685 2858 0
-4697 -1425 0
4887 1463 -4888 0
-4287 136 0
4557 -1 -689 0
-4337 315 0
4479 545 0
4623 1 0
-5310 5407 0
-4336 4337 0
4699 -4700 0
-5136 -2132 0
5232 1 0
4995 -1 -1516 0
-4802 4803 0
5466 2504 0
-4715 1429 0
5687 -3481 -5688 0
-5832 5833 0
5357 -5360 0
5262 1 0
-4403 4404 0
5870 3267 0
4687 1423 -4688 0
-5170 1909 0
5756 -5759 0
-5165 1 0
-5365 -2797 0
-4522 632 0
4564 -4565 -4889 0
-5553 5554 0
5771 -5774 0
-5775 -1 -3111 0
4244 -4245 -4365 0
4678 973 0
4918 -4919 -5243 0
4903 1357 0
5830 3208 0
-5626 5951 0
-5135 1 0
4460 -4461 0
-5620 5621 0
-5115 1821 0
4822 1450 -4823 0
-5852 3514 0
-5304 5305 0
-4941 5128 0
4859 -4860 0
-5105 1 0
-5881 5882 5884 0
4444 1 0
-5687 5688 0
-5527 5528 5530 0
-5020 1 0
-4905 4906 0
-5657 5796 0
-5567 5568 5570 0
-4842 -1454 0
-5723 2998 0
-5672 5673 0
-4256 4305 0
5517 -5520 0
4518 770 -4519 0
-5213 5214 5216 0
-5572 5573 5575 0
4474 1 0
-4899 4900 4902 0
-4990 1 0
4218 -4219 -4495 0
-4972 4973 0
4329 293 0
-4911 1 0
4572 -4573 -4849 0
-5739 5740 0
5659 -5660 -5786 0
5341 2188 0
4504 1 0
4638 1 0
5918 -1 -3344 0
5742 -3492 -5743 0
5387 -5388 0
4420 -4423 0
4688 990 0
-5340 5341 0
4615 -4616 -4634 0
-5930 -1 -3361 0
4541 -775 -4542 0
4434 63 0
4668 1 0
-5510 -2826 0
-4760 4761 0
4512 -1 -601 0
-5598 2844 0
5024 -2110 -5025 0
4290 -4291 0
-4418 -750 0
5270 -5271 -5607 0
-5140 1443 0
5585 2841 -5586 0
5253 -5254 0
5624 -5625 -5961 0
5685 1 0
4168 -4169 62 0
-5361 -1 -2221 0
5399 -1 -2385 0
4226 -4227 -4455 0
-4812 4813 0
-5778 1 0
-5278 5279 0
5715 1 0
5347 -5350 0
-4647 -1415 0
-5661 5662 0
-5748 1 0
-5511 -1 -2556 0
-5646 5647 0
5385 2801 -5386 0
-5299 5462 0
5745 1 0
-5086 -2122 0
-5941 5942 5944 0
5857 -3515 -5858 0
-5547 5548 5550 0
-4179 4180 0
-5060 1 0
-5718 1 0
-5193 5194 5196 0
-5584 1 0
-4946 4947 0
5830 1 0
-4614 4639 0
4924 -4925 -5213 0
-5581 -1 -2681 0
-4879 4880 4882 0
5081 2121 -5082 0
-4663 -1 -928 0
-5579 2681 0
4698 1020 0
5213 -5216 0
-5554 1 0
-5314 5315 0
5526 2599 0
4492 -1 -570 0
5202 1950 0
5139 -2133 -5140 0
-4351 4352 0
4684 -4685 0
-5249 2155 0
-4916 5253 0
-5754 -3494 0
4559 689 0
-5181 -2141 0
5083 -5084 0
4376 -742 -4377 0
5216 2148 -5217 0
-5062 -1 1724 0
-4418 4419 0
-5632 5921 0
5166 2138 -5167 0
5365 2797 -5366 0
-5448 5449 0
5741 -5744 0
-5568 5569 0
-4947 5098 0
-4792 -1444 0
4886 -1 1336 0
4188 -4189 42 0
-5441 -1 -2453 0
5646 -5647 -5851 0
5444 -1 -2460 0
-5515 5516 0
-4294 -1 -143 0
-4477 1 0
-5635 5636 0
-4183 -47 0
4829 -4830 0
5912 -3526 -5913 0
5072 1 0
-4264 1 0
4844 -4845 0
4956 -4957 -5053 0
-5236 5237 0
-4153 4154 0
-5702 5703 0
5844 3512 -5845 0
-4920 4921 0
5760 1 0
5102 1 0
-5607 5608 5610 0
5174 -2140 -5175 0
5705 2896 0
5194 -2144 -5195 0
-4521 4522 0
5790 1 0
-5288 5289 0
5132 1 0
-5348 2794 0
5901 -5904 0
5609 -1 -2737 0
4741 -1 -1087 0
-5754 5755 0
-4317 272 0
4645 -1415 -4646 0
5092 1770 0
-4368 -740 0
4213 -4214 -4520 0
5300 -5301 -5457 0
-4588 4589 0
4405 -4408 0
4567 -4568 -4874 0
-5355 5356 0
-5486 -1 -2535 0
5613 -2847 -5614 0
5756 -5757 0
-5475 5476 0
-5425 -2809 0
4256 -4257 -4305 0
-5294 5487 0
5771 -5772 0
4804 -4807 0
4273 721 -4274 0
4610 -4611 -4659 0
-4655 4656 0
-5274 5587 0
4845 -1455 -4846 0
-4775 4776 0
5748 -1 -3060 0
-4728 -1 741 0
5779 3499 -5780 0
-4609 4664 0
-5336 -1 -2181 0
-4626 1 0
-4492 1 0
-4589 4764 0
-5036 -2112 0
-4463 -759 0
-4842 4843 0
-4416 750 0
4346 -736 -4347 0
-4157 -73 0
-4827 4828 0
-4462 1 0
-5120 1 0
4550 -4553 0
5332 -5335 0
-4428 4429 0
5725 2998 0
-5094 2124 0
-5676 5677 0
-4269 -1 -98 0
-4432 1 0
-4265 4266 4268 0
-5057 -1 -1717 0
4189 -4190 41 0
-5090 1 0
5785 3133 0
-5277 5278 0
4666 -1 -946 0
-4615 4616 0
4420 -4421 0
-5131 -2131 0
5102 1800 0
-5888 3296 0
-5394 2370 0
-4307 238 0
5606 2730 0
4489 1 0
5198 -5201 0
-4562 4563 0
4901 -1 -1357 0
5278 -5279 -5567 0
-4682 4683 0
5597 -5600 0
-4956 5053 0
4519 1 0
-5712 5713 0
4539 653 0
5477 -5480 0
5534 -1 -2606 0
-4936 5153 0
-5895 -1 -3305 0
5068 -5069 0
-4286 724 0
-4299 -1 -151 0
-4184 -46 0
5981 1 0
-4251 4330 0
4401 -747 -4402 0
5347 -5348 0
-5583 5584 0
-4707 -1427 0
-4745 1435 0
-5190 1 0
5292 -5293 -5497 0
-5184 5185 0
4148 -4149 82 0
-5650 5651 0
-5986 3450 0
4248 -4249 -4345 0
-5423 2809 0
5977 -5986 0
-4318 -730 0
5730 1 0
-5399 2385 0
-5251 5252 0
-5269 5612 0
5213 -5214 0
-4444 -1 51 0
-5075 1 0
4169 -4170 61 0
-4589 4590 0
-4325 4326 4328 0
-5878 3289 0
-5375 -2799 0
-4551 4552 0
5733 -1 -3032 0
-5882 3520 0
-5318 5319 0
4419 1 0
4990 -1 -1509 0
-4536 4537 0
-5045 1 0
5080 -1 1431 0
-5931 5932 5934 0
-5015 1 0
-5537 5538 5540 0
-4603 4604 0
-4598 4719 0
-5584 2702 0
4862 1458 -4863 0
-4413 -749 0
-4688 -1 -990 0
5741 -5742 0
4774 -4777 0
-4491 765 0
4789 -4792 0
5439 -1 -2453 0
4669 -4672 0
-4790 4791 0
5942 -3532 -5943 0
4870 -1460 -4871 0
5393 -2803 -5394 0
-4391 4392 0
-4853 -1 -1267 0
-5074 2120 0
-5833 1 0
5581 1 0
-4458 4459 0
-5856 5857 5859 0
4535 -4538 0
5768 -1 3104 0
-4931 5178 0
-5752 3494 0
5910 3330 0
-5861 5862 5864 0
-5803 1 0
4221 -4222 -4480 0
5701 -5704 0
5611 1 0
5187 1925 0
5380 2800 -5381 0
5901 -5902 0
5662 -5663 -5771 0
5716 -5719 0
-5986 1 0
-5292 5293 0
-4246 4355 0
-5046 -2114 0
-5773 1 0
5546 2622 0
5775 1 0
4405 -4406 0
-4558 -778 0
-5660 5661 0
4804 -4805 0
-5609 1 0
5805 1 0
5714 3486 -5715 0
4170 -4171 60 0
4837 1453 -4838 0
-4657 -1417 0
-4960 4961 0
5582 -5585 0
-5597 5598 5600 0
4347 -1 -337 0
-5727 5728 0
5273 -5274 -5592 0
5386 2353 0
5462 -5465 0
-4298 4299 0
-5243 5244 5246 0
-4820 1450 0
-5481 -1 -2525 0
5220 -1 -1981 0
5448 -2814 -5449 0
5861 -5864 0
4229 -4230 -4440 0
5316 -5317 -5377 0
-5794 5795 0
-4913 -1 -1379 0
5332 -5333 0
4365 -4368 0
5890 3296 0
5121 2129 -5122 0
-5981 -1 5982 0
4987 1 0
4352 -1 344 0
4730 -1432 -4731 0
-5199 5200 0
-5369 2308 0
-4532 1 0
-4573 4844 0
-4658 -1 -850 0
4883 1 0
5017 1 0
-4546 776 0
-4447 1 0
-4800 4801 0
4927 -4928 -5198 0
-5677 5696 0
-4906 1372 0
-5266 5267 0
-4384 -1 -390 0
5321 -5322 -5352 0
5198 -5199 0
5149 -2135 -5150 0
4722 1430 -4723 0
5396 2370 0
5047 1 0
4970 -4971 -4983 0
-5649 5650 0
4509 591 0
-4867 4868 0
4751 -1 -1117 0
5597 -5598 0
-5634 5635 0
4364 358 0
-4802 -1446 0
-4167 4168 0
4525 -4528 0
4457 -1 -514 0
-5768 -3104 0
-4934 4935 0
4431 -753 -4432 0
-4472 536 0
5369 -1 -2308 0
5056 2116 -5057 0
-4328 -732 0
5503 -2825 -5504 0
-5302 5303 0
-5149 2135 0
-5001 5002 0
5758 -1 -3090 0
-4909 4910 4912 0
4562 -4563 -4899 0
5649 -5650 -5836 0
-4920 5233 0
-4722 4723 0
-4811 1204 0
5053 -5056 0
4605 -4606 -4684 0
-4406 4407 0
-4547 1 0
-5205 1 0
-4996 -2104 0
-4235 4410 0
-5346 -1 -2199 0
4442 -1 51 0
-5197 -1 -1939 0
-5755 -1 -3075 0
4876 -1 -1322 0
-4517 1 0
-5175 1 0
5204 -2146 -5205 0
-4951 5078 0
-4875 1461 0
-5503 5504 0
5686 -5689 0
5604 -1 -2730 0
-4487 1 0
-5623 5624 0
-4171 -59 0
-5145 1 0
-5608 5609 0
5618 -2848 -5619 0
4216 -4217 -4505 0
4404 1 0
-5553 2835 0
5303 -5304 -5442 0
4158 -4159 72 0
4570 -4571 -4859 0
5657 -5658 -5796 0
5819 3507 -5820 0
-4141 4142 0
-4895 1465 0
-4983 4984 4986 0
4774 -4775 0
-5067 -1 -1731 0
4259 -4260 -4290 0
4434 1 0
5709 3485 -5710 0
-5675 5676 0
-4669 4670 4672 0
4789 -4790 0
4179 -4180 51 0
-4315 4316 4318 0
4669 -4670 0
4900 -1466 -4901 0
5515 2827 -5516 0
5743 -1 -3053 0
-5276 5277 0
4464 1 0
5188 -5189 0
-5742 5743 0
4914 -4915 -5263 0
-4576 4577 0
-5343 5344 0
5846 -5849 0
-5463 5464 0
4439 479 0
4957 -4958 -5048 0
5329 -1 -2168 0
4224 -4225 -4465 0
5116 2128 -5117 0
4535 -4536 0
4350 -4353 0
-5410 5411 0
-5982 1 0
5701 -5702 0
-5530 5531 0
4932 -4933 -5173 0
-4856 1274 0
-4316 730 0
5716 -5717 0
4749 -4752 0
-5945 -1 -3399 0
4629 -4632 0
5933 -1 -3371 0
-4830 4831 0
4808 1197 0
-5204 2146 0
-4815 4816 0
5800 3150 0
-5516 -1 -2577 0
-4278 -722 0
4568 -4569 -4869 0
5400 2804 -5401 0
-5788 1 0
4768 1138 0
-5664 5665 0
5705 1 0
-4882 4883 0
5582 -5583 0
4611 -4612 -4654 0
-5224 2150 0
5177 -1431 0
-5453 2815 0
4495 -4498 0
-4483 4484 0
-5745 -1 -3053 0
4510 -4513 0
5981 -5982 0
-4649 4650 4652 0
-4210 4535 0
-5944 -3532 0
4373 741 -4374 0
5861 -5862 0
-5314 5387 0
-4926 5203 0
-4670 4671 0
4365 -4366 0
-5136 5137 0
4180 -4181 50 0
-4617 4618 0
-4241 4380 0
-4737 4738 0
4621 -1 -788 0
4657 1417 -4658 0
4778 1155 0
5422 -5425 0
-4338 4339 0
-4645 1415 0
-4763 -1 -1131 0
5437 -5440 0
5526 1 0
4868 1 0
-4423 -751 0
-4203 4914 0
5022 1636 0
5489 -1 -2542 0
5702 -3484 -5703 0
-5533 2831 0
-4863 -1 -1281 0
5722 -3488 -5723 0
-5690 -1 -2871 0
-5534 2606 0
4308 728 -4309 0
-5858 1 0
5556 1 0
4898 1 0
5032 1 0
-5939 5940 0
-5638 5639 0
-4766 1138 0
4525 -4526 0
5533 -2831 -5534 0
-5247 -1 -2033 0
-5239 5240 0
5062 1 0
4984 -2102 -4985 0
-5661 5776 0
-5782 3500 0
-5273 5592 0
-5873 3274 0
-5306 5307 0
-4588 4769 0
4266 -720 -4267 0
-5970 -1 -3442 0
5053 -5054 0
4517 -1 -611 0
-5674 5675 0
-4391 745 0
-4591 4592 0
-5672 5721 0
4288 724 -4289 0
4277 -1 -118 0
-5531 -1 2121 0
-4696 1 0
4685 -1423 -4686 0
-5381 -1 -2342 0
5071 2119 -5072 0
5686 -5687 0
-4974 2100 0
4274 1 0
-4666 1 0
5072 1738 0
4734 -4737 0
-5146 5147 0
-5528 2830 0
5588 -2842 -5589 0
4304 1 0
-4636 1 0
-4502 1 0
-4219 4490 0
5013 -5016 0
4913 1 0
-5894 -3522 0
5039 -2113 -5040 0
-4446 4447 0
5968 -1 -3442 0
5903 -1 -3319 0
4992 1 0
-5323 5342 0
4334 1 0
5355 2795 -5356 0
-5303 5442 0
-4479 -1 -545 0
-4915 5258 0
-4648 -1 -833 0
-4513 4514 0
-5280 5281 0
4653 841 0
-4250 4335 0
-4836 1242 0
5966 -5967 0
5625 -5626 -5956 0
-4230 4435 0
5846 -5847 0
4879 -4882 0
5006 2106 -5007 0
-5648 5649 0
5960 1 0
5718 -1 -2920 0
4812 1448 -4813 0
-4685 4686 0
4350 -4351 0
-4720 1430 0
4472 -1 -536 0
4740 -1434 -4741 0
4702 1426 -4703 0
-5424 1 0
-4286 4287 0
-5566 -1 -2654 0
4749 -4750 0
-5608 2846 0
-5837 3511 0
4652 1416 -4653 0
-4752 4753 0
5970 3442 0
4508 768 -4509 0
-5968 3442 0
-5636 5901 0
5154 -2136 -5155 0
-5394 1 0
-5260 1 0
-5782 5783 0
5407 -5410 0
-4353 4354 0
-5650 5831 0
-5230 1 0
5806 -5809 0
-4563 4894 0
-5857 3515 0
4746 -1 -1110 0
-4387 397 0
4986 2102 -4987 0
4319 1 0
-4446 756 0
4436 -754 -4437 0
-5207 -1 -1957 0
-5565 -2837 0
5853 -1 -3239 0
-5040 1680 0
-4965 5008 0
4510 -4511 0
-4577 4824 0
-5570 5571 0
4349 1 0
-5254 5255 0
5414 -1 2414 0
-4466 760 0
-4901 1357 0
5165 -1 -1894 0
4379 1 0
-5637 5638 0
-5601 -1 -2723 0
-4855 4856 0
4663 928 0
-5554 2640 0
4646 -1 -833 0
-5622 5623 0
5652 -5653 -5821 0
5567 -5570 0
4393 745 -4394 0
5465 2817 -5466 0
5858 -1 2811 0
-4922 4923 0
4608 -4609 -4669 0
-4427 472 0
-5689 5690 0
-5049 2115 0
-5977 5978 5986 0
-4260 4261 0
-5809 5810 0
5209 -2147 -5210 0
-4639 4640 4642 0
4377 -1 -383 0
5437 -5438 0
-4719 4720 4722 0
4470 -4473 0
-5298 5467 0
5559 -1 -2647 0
-5290 5291 0
-4989 4990 0
4160 -4161 70 0
5426 1 0
-5790 -1 2811 0
5749 3493 -5750 0
-4613 4644 0
4404 434 0
-4225 4460 0
4872 1460 -4873 0
5584 -1 -2702 0
4417 -1 -455 0
4491 -765 -4492 0
4219 -4220 -4490 0
4340 -4341 0
5555 2835 -5556 0
5306 -5307 -5427 0
-5161 5162 0
-5873 1 0
5541 1 0
-4712 -1428 0
-5809 -3505 0
-4775 1441 0
-5309 5412 0
-5007 -1 -1531 0
4262 -4263 -4275 0
4998 -5001 0
4803 1176 0
-4762 4763 0
-4461 4462 0
-5843 1 0
4910 -1468 -4911 0
5571 1 0
5206 2146 -5207 0
5156 2136 -5157 0
-5813 1 0
-4795 1445 0
-5052 -1 -1710 0
-4949 4950 0
4201 -4202 -5622 0
4917 -4918 -5248 0
-5645 5856 0
-5678 5679 0
-5426 -1 -2428 0
-5912 3526 0
4864 -4867 0
5684 3480 -5685 0
-5763 3097 0
-5085 1763 0
-5904 -3524 0
4852 1456 -4853 0
4960 -4961 -5033 0
-5625 5956 0
-5663 5664 0
-5016 5017 0
-4457 514 0
-4793 -1 -1169 0
5787 -3501 -5788 0
-4234 4235 0
-4529 -1 -639 0
5490 2822 -5491 0
5263 -5266 0
-5918 3344 0
-4960 5033 0
-4572 4849 0
-4963 4964 0
-4940 5133 0
4437 -1 -479 0
-4301 4302 0
-4699 4700 4702 0
4734 -4735 0
5044 -2114 -5045 0
-4345 4346 4348 0
-4521 771 0
4878 1322 0
5069 -2119 -5070 0
-4385 4386 4388 0
4783 1 0
4372 -1 51 0
-5656 5801 0
-5870 -1 -3267 0
5898 -1 -3312 0
-4255 4310 0
-4390 4391 4393 0
-4368 4369 0
5013 -5014 0
4571 -4572 -4854 0
-5917 5918 0
4813 1 0
-4971 4978 0
5639 -5640 -5886 0
-4329 -1 -293 0
-5398 5399 0
5791 -5794 0
5969 3537 -5970 0
5279 -5280 -5562 0
-5518 5519 0
4614 -4615 -4639 0
-5104 2126 0
5633 -5634 -5916 0
4843 1 0
4977 1 0
-5465 5466 0
5010 -1 -1540 0
4589 -4590 -4764 0
-5332 5333 5335 0
4461 -759 -4462 0
-5585 5586 0
-5691 5692 5694 0
4879 -4880 0
-5506 -1 2121 0
5007 1 0
-4923 4924 0
4894 -4895 0
-5353 2795 0
4344 330 0
-5652 5653 0
5842 -3512 -5843 0
-4870 4871 0
5331 2168 0
4205 -1 -4206 0
-4626 801 0
-5287 5522 0
4206 -4207 -4555 0
5293 -5294 -5492 0
-4471 4472 0
5266 2158 -5267 0
4348 736 -4349 0
5647 -5648 -5846 0
-4937 4938 0
5951 -5954 0
-5474 2518 0
-4602 4699 0
5287 -5288 -5522 0
-5704 5705 0
-4214 4515 0
5904 3524 -5905 0
-4339 -1 -315 0
-5017 -1 -1618 0
4249 -4250 -4340 0
5124 -2130 -5125 0
5407 -5408 0
4440 -4443 0
-5449 2467 0
4603 -4604 -4694 0
-4538 4539 0
-5073 5074 5076 0
-5318 5367 0
4455 -4458 0
4243 -4244 -4370 0
4489 559 0
5516 2577 0
-5759 -3495 0
-4679 4680 4682 0
-4751 1 0
4335 -4338 0
-5409 1 0
5484 -1 -2535 0
5806 -5807 0
-4850 1456 0
-4759 4760 4762 0
-5124 5125 0
-4365 4366 4368 0
4854 -4857 0
5600 2844 -5601 0
-4605 4606 0
4324 283 0
-4721 1 0
-4725 4726 0
-5379 1 0
5550 2834 -5551 0
-5245 1 0
-4710 4711 0
-5077 -1 -1753 0
4150 -4151 80 0
5014 -2108 -5015 0
5531 -2121 0
4947 -4948 -5098 0
-5433 2811 0
-5349 1 0
-5005 1531 0
5957 -3535 -5958 0
-4792 4793 0
-4777 4778 0
-4935 5158 0
5655 -5656 -5806 0
-5854 -3514 0
-4554 -1 -682 0
5367 -5370 0
4279 1 0
5884 3520 -5885 0
4257 -4258 -4300 0
5567 -5568 0
5382 -5385 0
4296 -726 -4297 0
4364 1 0
-4998 4999 5001 0
-5626 5627 0
-5357 5358 5360 0
-4197 4198 0
-5682 3480 0
5239 -2153 -5240 0
5368 -2798 -5369 0
-5344 2199 0
-5366 -1 -2230 0
4470 -4471 0
-4264 4265 0
-5092 -1 -1770 0
-4399 -1 -427 0
4643 826 0
-5294 5295 0
5248 -5251 0
-4823 -1 741 0
-4291 725 0
-4632 4633 0
-4333 -733 0
5730 3016 0
5935 1 0
-5430 -2810 0
4576 -4577 -4829 0
5663 -5664 -5766 0
-5662 5663 0
5527 -5530 0
-5179 2141 0
-4739 4740 4742 0
-5973 1 0
5441 1 0
-4425 4426 4428 0
4998 -4999 0
-4412 448 0
-5364 1 0
-5065 1731 0
-5943 1 0
5776 -5779 0
5471 1 0
-5533 5534 0
-5428 2810 0
-5334 1 0
4351 -737 -4352 0
-5145 1859 0
5274 -5275 -5587 0
-5134 5135 0
4742 1434 -4743 0
-5117 -1 -1821 0
-5720 -1 -2920 0
-5600 5601 0
4191 -4192 39 0
-5293 5492 0
4864 -4865 0
-4364 -1 -358 0
4151 -4152 79 0
4230 -4231 -4435 0
4745 -1435 -4746 0
5671 -5672 -5726 0
-5201 5202 0
-4317 1 0
-5905 -1 -3319 0
5263 -5264 0
-4518 -770 0
-4608 4669 0
-4467 -51 0
-5701 5702 5704 0
-4501 4502 0
5172 1909 0
-4287 1 0
-5268 5269 0
-5575 -2839 0
-4606 4607 0
-5611 -1 -2737 0
4853 1267 0
-5708 2903 0
5780 3118 0
-4808 -1 -1197 0
-4620 1410 0
5120 -1 -1828 0
-5976 5977 5987 0
4367 -1 -373 0
-5636 5637 0
4928 -4929 -5193 0
5282 -5283 -5547 0
-5416 -1 2414 0
5212 1964 0
-5508 2826 0
-5737 3491 0
5791 -5792 0
4824 -4827 0
4677 1421 -4678 0
4446 -756 -4447 0
-5186 -2142 0
-5804 -3504 0
5325 -5326 -5332 0
-4924 5213 0
-5079 2121 0
-5958 1 0
5456 1 0
4719 -4722 0
4483 763 -4484 0
-4740 4741 0
5454 -1 -2490 0
-5640 5881 0
-5967 3537 0
5847 -3513 -5848 0
-5928 1 0
-5135 1852 0
-5963 3427 0
5486 1 0
-4239 4390 0
4828 1 0
-5757 3495 0
-4341 4342 0
-5128 5129 5131 0
5872 -3518 -5873 0
5738 -1 -3043 0
4427 -1 -472 0
-4346 736 0
5509 -1 -2556 0
-4955 5058 0
-5898 1 0
5516 1 0
-5837 5838 0
-4803 -1 -1176 0
5352 -5355 0
-4408 4409 0
-5957 5958 0
4171 -4172 59 0
-5942 5943 0
4975 -1 -1478 0
5951 -5952 0
5766 -5769 0
4387 -1 -397 0
-4881 1 0
5264 -2158 -5265 0
-5681 5682 5684 0
4192 -4193 38 0
4455 -4456 0
-5721 5722 5724 0
5001 2105 -5002 0
-5367 5368 5370 0
-5610 5611 0
-4851 1 0
5440 2812 -5441 0
4854 -4855 0
5614 -1 -2752 0
5246 2154 -5247 0
-4910 4911 0
-4821 1 0
5309 -5310 -5412 0
-5677 5678 0
5512 -5515 0
-4248 4249 0
5394 -1 -2370 0
-4857 -1457 0
-5082 -1 1431 0
4728 1 0
-5797 5798 0
5136 2132 -5137 0
-4736 1 0
-5408 2806 0
5658 -5659 -5791 0
4534 -646 0
-5744 5745 0
4758 1 0
-4392 420 0
-4987 -1 -1498 0
5724 3488 -5725 0
-5864 5865 0
-4706 1 0
5382 -5383 0
5398 -2804 -5399 0
4415 -4418 0
-4551 777 0
-4749 4750 4752 0
-4617 4624 0
4204 -4205 -4560 0
-5108 5109 5111 0
-4355 4356 4358 0
-4547 667 0
-4675 1421 0
5371 2308 0
-4794 4795 4797 0
-5200 1950 0
-5149 5150 0
-4440 4441 4443 0
-5525 -2829 0
5431 2443 0
5192 1932 0
4543 775 -4544 0
4312 -1 -256 0
4963 -4964 -5018 0
-4750 4751 0
-5216 5217 0
4748 1110 0
5248 -5249 0
4225 -4226 -4460 0
5788 -1 2811 0
-4504 -1 -584 0
-4817 4818 0
-5812 3506 0
-5342 5343 5345 0
-5741 5742 5744 0
4877 1461 -4878 0
5099 -2125 -5100 0
-5347 5348 5350 0
5342 -5345 0
-4778 -1 -1155 0
5112 1814 0
-5494 1 0
-5666 5667 0
5920 1 0
4656 -1 -850 0
-5620 -2848 0
-5955 -1 -3413 0
-5651 5652 0
-4930 5183 0
-5004 5005 0
-4222 4223 0
4544 660 0
-4622 -1410 0
-5464 1 0
5950 1 0
-5719 -3487 0
5776 -5777 0
5680 -1 -5681 0
-4951 4952 0
-4421 751 0
5636 -5637 -5901 0
-5071 5072 0
-4944 5113 0
5453 -2815 -5454 0
5723 -1 -2998 0
-4776 1 0
-5434 1 0
-4326 732 0
5699 3483 -5700 0
-4534 -1 646 0
-4672 4673 0
-4259 4290 0
5103 -5106 0
-4880 1462 0
-4356 4357 0
5346 2199 0
5062 -1724 0
-5943 3399 0
-5004 2106 0
-5725 -1 -2998 0
-5688 2871 0
-5168 5169 5171 0
5944 3532 -5945 0
-4415 4416 4418 0
-4774 4775 4777 0
5042 1680 0
5506 -2121 0
-5735 -1 -3032 0
-4423 4424 0
-5409 2407 0
5834 3510 -5835 0
-5972 5973 0
5296 -5297 -5477 0
5020 -1 -1636 0
4936 -4937 -5153 0
5736 -5739 0
5290 -5291 -5507 0
-5573 5574 0
4636 -1 -819 0
-5456 -1 -2490 0
4252 -4253 -4325 0
-4726 -741 0
-5277 5572 0
-5558 5559 0
-4807 -1447 0
-5716 5717 5719 0
-5640 5641 0
5548 -2834 -5549 0
4152 -4153 78 0
4824 -4825 0
-4272 1 0
-4592 4749 0
5568 -2838 -5569 0
-5625 5626 0
-5048 5049 5051 0
-5864 -3516 0
-5407 5408 5410 0
4839 -4840 0
5241 2153 -5242 0
4719 -4720 0
-5863 3246 0
5356 1 0
-4925 4926 0
-4292 143 0
-5692 5693 0
5803 -1 -3157 0
4497 -1 -577 0
-4750 1436 0
4950 -4951 -5083 0
-5147 -1 -1859 0
4830 -1452 -4831 0
-4526 4527 0
4590 -4591 -4759 0
5386 1 0
-4902 -1466 0
5896 -5899 0
-4321 731 0
5575 2839 -5576 0
5352 -5353 0
5416 1 0
-5209 2147 0
4400 -4403 0
5052 1710 0
5249 -2155 -5250 0
-5333 2791 0
4280 -4283 0
-5913 1 0
4968 -4969 -4993 0
-5480 5481 0
5556 2640 0
-4789 4790 4792 0
-4395 4396 4398 0
5766 -5767 0
4799 -4802 0
-4475 4476 4478 0
-5887 3521 0
4561 -4562 -4904 0
4679 -4682 0
-4780 4781 0
-4480 4481 4483 0
-4765 4766 0
-5792 3502 0
-5570 -2838 0
-4939 5138 0
4531 -773 -4532 0
5269 -5270 -5612 0
4660 -1418 -4661 0
5920 3344 0
5623 -5624 -5966 0
-4919 5238 0
-4847 4848 0
-4478 -762 0
-4832 4833 0
-4185 4186 0
-4643 -1 -826 0
-4254 4315 0
4579 -4580 -4814 0
-4342 1 0
5666 -5667 -5751 0
4177 -4178 53 0
-4234 4415 0
5512 -5513 0
4545 -4548 0
-5853 3239 0
5327 -5330 0
-4401 747 0
5383 -2801 -5384 0
4298 726 -4299 0
-4252 4253 0
-4836 1 0
-4714 4715 4717 0
-5019 5020 0
4215 -4216 -4510 0
-5282 5283 0
4672 1420 -4673 0
-4620 4621 0
-4806 1 0
4415 -4416 0
-4651 841 0
-5546 -1 -2622 0
-5086 5087 0
-5146 -2134 0
5267 1 0
4743 1 0
-4650 1416 0
5277 -5278 -5572 0
4836 -1 -1242 0
4433 753 -4434 0
-4687 4688 0
-5538 2832 0
4233 -4234 -4420 0
4773 1 0
5320 -5321 -5357 0
4775 -1441 -4776 0
5472 -5475 0
4803 1 0
4828 1226 0
-4455 4456 4458 0
4278 722 -4279 0
-4189 -41 0
-5814 -3506 0
-4581 4804 0
-5202 -1 -1950 0
5342 -5343 0
-5588 5589 0
-4159 4160 0
4738 1080 0
5115 -1 -1821 0
4931 -4932 -5178 0
-5340 -2792 0
5285 -5286 -5532 0
-5189 5190 0
5015 -1 -1618 0
4413 749 -4414 0
-4985 1 0
5233 -5236 0
-4226 4227 0
5409 -1 -2407 0
-5245 2033 0
-4906 1 0
5958 -1 -3420 0
-5256 5257 0
5852 -3514 -5853 0
-4594 4595 0
-5167 -1 -1894 0
-5731 5732 5734 0
5848 -1 -2823 0
5103 -5104 0
-5624 5625 0
-4791 1 0
-5323 5324 0
4422 -1 -465 0
4424 465 0
-4914 5263 0
-5417 5418 5420 0
-4791 1169 0
-4979 2101 0
4892 1464 -4893 0
5134 -2132 -5135 0
4703 1 0
4585 -4586 -4784 0
4783 1162 0
-4761 1 0
-5867 3517 0
-4229 4440 0
5653 -5654 -5816 0
5815 3187 0
-5959 -3535 0
5736 -5737 0
-4428 -752 0
-4731 1 0
-5984 2070 0
-5177 -1 1431 0
-4163 -67 0
4635 -1413 -4636 0
5751 -5752 0
5880 3289 0
-4243 4370 0
4664 -4667 0
-5096 5097 0
5707 -3485 -5708 0
-5485 -2821 0
-5826 5827 5829 0
5683 -1 -2858 0
5176 2140 -5177 0
-5512 5513 5515 0
5252 2040 0
-4396 4397 0
-5158 5159 5161 0
-4344 -1 -330 0
-4844 4845 4847 0
-5593 2843 0
5735 3032 0
4989 -2103 -4990 0
-5096 -2124 0
-4463 4464 0
5389 -1 -2363 0
4530 -4533 0
4402 -1 -434 0
5307 -5308 -5422 0
4574 -4575 -4839 0
-5549 1 0
5661 -5662 -5776 0
5865 1 0
4976 2100 -4977 0
-4568 4569 0
-5454 2490 0
5896 -5897 0
4263 -4264 -4270 0
-5613 2847 0
-5598 5599 0
4617 -4618 -4624 0
-5297 5298 0
-4576 4829 0
5408 -2806 -5409 0
-5519 1 0
4706 -1 1034 0
5895 1 0
4162 -4163 68 0
-4635 4636 0
4400 -4401 0
-5751 5752 5754 0
4473 761 -4474 0
-5397 5398 5400 0
5690 2871 0
-5665 5666 0
-5477 5478 5480 0
5925 1 0
-5660 5781 0
5111 2127 -5112 0
4799 -4800 0
-5083 5084 5086 0
4665 -1419 -4666 0
-4702 4703 0
4679 -4680 0
4690 -1424 -4691 0
5577 -5580 0
5579 -1 -2681 0
-4451 757 0
5539 -1 -2615 0
-5732 5733 0
5457 -5460 0
4961 -4962 -5028 0
-4303 4304 0
-5852 5853 0
4807 1447 -4808 0
4228 -4229 -4445 0
5315 -5316 -5382 0
-5683 2858 0
5104 -2126 -5105 0
5856 -5859 0
-5729 -3489 0
-4990 1509 0
-5799 5800 0
4414 448 0
4890 -1464 -4891 0
-5919 5920 0
-5431 -1 -2443 0
4545 -4546 0
-5034 2112 0
-5241 -2153 0
5327 -5328 0
5789 3501 -5790 0
4341 -735 -4342 0
-5520 5521 0
-4357 1 0
5739 3491 -5740 0
-4465 4466 4468 0
-5922 3528 0
-4824 4825 4827 0
-5157 -1 -1866 0
-5204 5205 0
4354 -344 0
5753 -1 -3075 0
-4767 -1439 0
-5712 3486 0
-4908 -1 -1372 0
-4327 1 0
-4805 4806 0
-4238 4395 0
5634 -5635 -5911 0
-5271 5272 0
5617 -5620 0
-5942 3532 0
5874 3518 -5875 0
-4218 4495 0
-4297 1 0
-4872 4873 0
5196 2144 -5197 0
5252 1 0
-5766 5767 5769 0
5877 -3519 -5878 0
5519 -1 -2584 0
-5322 5347 0
-5639 5640 0
-4934 5163 0
-4210 4211 0
5331 1 0
4142 -4143 88 0
-5446 -1 -2460 0
-5759 5760 0
4267 -1 -98 0
-5811 5812 5814 0
5900 3312 0
-5435 -2811 0
-5457 5458 5460 0
4520 -4523 0
-4939 4940 0
-5059 5060 0
-4249 4340 0
5159 -2137 -5160 0
-4780 1442 0
4163 -4164 67 0
4939 -4940 -5138 0
4522 -1 -632 0
-5890 -1 -3296 0
5480 2820 -5481 0
-5126 5127 0
-5111 5112 0
5370 2798 -5371 0
5578 -2840 -5579 0
-4912 -1468 0
-5363 2797 0
5953 -1 -3413 0
5048 -5051 0
-5429 2443 0
-4411 4412 0
-4799 4800 4802 0
-5198 5199 5201 0
5615 2847 -5616 0
-5037 -1 -1673 0
-4445 4446 4448 0
-4565 4884 0
-5969 -3537 0
-5011 -2107 0
-4884 4885 4887 0
5032 1663 0
5798 -1 -3150 0
-4490 4491 4493 0
4860 -1458 -4861 0
4311 -729 -4312 0
-4891 1 0
-5628 5629 0
4524 1 0
-5613 5614 0
-4596 4729 0
-4966 4967 0
-5580 -2840 0
-4184 4185 0
-4526 772 0
4374 -51 0
-4861 1 0
-5589 2709 0
5536 2606 0
5750 3060 0
5712 -3486 -5713 0
4554 1 0
4688 1 0
-5432 5433 5435 0
-5106 -2126 0
-5791 5792 5794 0
-5680 5681 0
5860 -2811 0
-4251 4252 0
4784 -4785 0
4718 1048 0
-5195 1939 0
4664 -4665 0
-5123 5124 5126 0
4718 1 0
-5109 2127 0
5272 -5273 -5597 0
4183 -4184 47 0
-5747 5748 0
5442 -5445 0
-4318 4319 0
-4982 -1 -1491 0
5626 -5627 -5951 0
-5867 5868 0
5939 3531 -5940 0
4748 1 0
-4717 -1429 0
5937 -3531 -5938 0
5841 -5844 0
4582 -4583 -4799 0
-5468 5469 0
5669 -5670 -5736 0
-5934 5935 0
-5774 -3498 0
-5692 3482 0
4530 -4531 0
5984 -1 -2070 0
4299 151 0
5590 2842 -5591 0
-5509 2556 0
-5535 5536 0
5711 -5712 0
4366 -740 -4367 0
-4505 4506 4508 0
-5698 1 0
-4864 4865 4867 0
4624 -4627 0
-5900 -1 -3312 0
-4835 4836 0
5878 -1 -3289 0
-4550 4551 4553 0
4926 -4927 -5203 0
-4820 4821 0
-4173 4174 0
-4301 727 0
5280 -5281 -5557 0
-5810 -1 -3180 0
-5010 1 0
-4940 4941 0
4831 -1 -1235 0
-5534 1 0
5767 -3497 -5768 0
-5251 -2155 0
-4293 -725 0
5792 -3502 -5793 0
-4855 1457 0
4524 632 0
4236 -4237 -4405 0
-4887 4888 0
5323 -5324 -5342 0
-5374 2326 0
-4240 4241 0
5577 -5578 0
-5654 5655 0
-5504 1 0
5457 -5458 0
4490 -4493 0
4505 -4508 0
4661 -1 -928 0
-4608 4609 0
4385 -4388 0
5856 -5857 0
-4862 -1458 0
-5074 5075 0
-5438 2812 0
-5644 5861 0
-4675 4676 0
-5919 -3527 0
-4388 -744 0
4651 -1 -841 0
4934 -4935 -5163 0
-4660 4661 0
-4959 5038 0
5987 -1 -4140 0
-5386 -1 -2353 0
-4571 4854 0
5018 -5021 0
-4742 4743 0
-5499 2549 0
-4796 -741 0
-4727 4728 0
-4177 -53 0
4811 -1 -1204 0
5417 -5420 0
-5893 3305 0
-4878 -1 -1322 0
-5655 5806 0
5617 -5618 0
5907 -3525 -5908 0
5432 -5435 0
5122 1 0
4292 -1 -143 0
-4147 4148 0
-5876 5877 5879 0
-5056 -2116 0
-4506 768 0
5810 1 0
5152 1 0
-4530 4531 4533 0
-5562 5563 5565 0
-4296 726 0
5144 -2134 -5145 0
-5825 -1 -3201 0
-5944 5945 0
4520 -4521 0
-4214 4215 0
-5574 1 0
-5184 2142 0
5840 1 0
5182 1 0
5656 -5657 -5801 0
-5244 5245 0
5923 -1 -3351 0
4622 1410 -4623 0
5178 -5181 0
-4582 4583 0
5650 -5651 -5831 0
-4281 4282 0
4428 752 -4429 0
-4533 -773 0
-5311 5312 0
-5306 5427 0
-5724 -3488 0
-4918 5243 0
4454 507 0
5481 2525 0
-5767 3497 0
-4469 -1 51 0
5446 2460 0
-4632 -1412 0
5048 -5049 0
-5801 5802 5804 0
-4233 4420 0
4462 -1 -529 0
-4910 1468 0
-5738 3043 0
5826 -5829 0
-4213 4520 0
-5483 5484 0
5962 -3536 -5963 0
-4151 -79 0
4223 -4224 -4470 0
5310 -5311 -5407 0
-5317 5372 0
-4376 742 0
5664 -5665 -5761 0
-5084 5085 0
-5201 -2145 0
5304 -5305 -5437 0
5413 -2807 -5414 0
-4412 1 0
-5550 5551 0
4281 -723 -4282 0
5696 -5697 0
5132 1845 0
-5151 5152 0
-4382 1 0
4363 739 -4364 0
4670 -1420 -4671 0
-4188 4189 0
5167 1 0
-5542 5543 5545 0
5491 2542 0
5843 -1 -3232 0
5008 -5011 0
5376 2326 0
4695 -1425 -4696 0
-4451 4452 0
-4352 1 0
4921 -4922 -5228 0
-5228 5229 5231 0
5971 -5974 0
-5513 2827 0
5275 -5276 -5582 0
-4874 4875 4877 0
-5227 -1 -1991 0
5197 1 0
-4556 4557 0
4539 1 0
-5633 5916 0
4915 -4916 -5258 0
-5869 -3517 0
-4338 -734 0
4964 -4965 -5013 0
5442 -5443 0
4231 -4232 -4430 0
-5285 5286 0
5318 -5319 -5367 0
5114 -2128 -5115 0
5790 -2811 0
5227 1 0
4448 756 -4449 0
-4777 -1441 0
4895 -1465 -4896 0
-4948 5093 0
-4560 4909 0
-5541 -1 -2615 0
5841 -5842 0
-5653 5654 0
-5006 5007 0
-5664 5761 0
4769 -4772 0
-4690 4691 0
-5781 5782 5784 0
-4267 98 0
5430 2810 -5431 0
4396 -746 -4397 0
-5239 2153 0
-5006 -2106 0
4575 -4576 -4834 0
-4291 4292 0
-4757 4758 0
4624 -4625 0
4193 -4194 37 0
-5140 1 0
-5445 -2813 0
5126 2130 -5127 0
5823 -1 -3201 0
-5787 5788 0
5637 -5638 -5896 0
5402 -5405 0
-4358 4359 0
5808 -1 -3180 0
-5907 5908 0
5764 3496 -5765 0
-5822 3508 0
-5892 5893 0
-5281 5552 0
4593 -4594 -4744 0
-5514 2577 0
5514 -1 -2577 0
-5025 1 0
-5974 5975 0
-4483 -763 0
4490 -4491 0
-5959 5960 0
-5602 5603 5605 0
-4208 4545 0
4858 1274 0
4505 -4506 0
-4995 1 0
-5842 3512 0
-5208 5209 5211 0
5410 2806 -5411 0
5169 -2139 -5170 0
-5540 -2832 0
-5259 5260 0
-4894 4895 4897 0
4904 -4905 0
-4540 4541 4543 0
-4610 4659 0
4633 1 0
-5351 -1 -2206 0
-5329 2168 0
4423 751 -4424 0
5651 -5652 -5826 0
-4860 4861 0
5291 -5292 -5502 0
-5627 5628 0
5562 -5565 0
5061 2117 -5062 0
4663 1 0
4451 -757 -4452 0
-5384 2353 0
5011 2107 -5012 0
4247 -4248 -4350 0
-4680 1422 0
-4927 4928 0
-5694 5695 0
5175 -1 1431 0
5889 3521 -5890 0
5417 -5418 0
-5814 5815 0
-5568 2838 0
-5841 5842 5844 0
5432 -5433 0
-5628 5941 0
4465 -4468 0
4345 -4348 0
-5072 -1 -1738 0
-5114 5115 0
-5173 5174 5176 0
4868 1291 0
5345 2793 -5346 0
-5783 1 0
-5099 5100 0
-5903 3319 0
5710 1 0
4945 -4946 -5108 0
-4771 1145 0
-4923 5218 0
-5181 5182 0
-5753 1 0
-4477 545 0
-5166 5167 0
4261 -4262 -4280 0
-5785 -1 -3133 0
4289 136 0
4327 -1 -293 0
-5639 5886 0
-4727 -1431 0
5703 -1 -2896 0
4993 -4996 0
-5723 1 0
-5589 1 0
-4767 4768 0
-5985 1 0
5825 1 0
-5582 5583 5585 0
-5784 -3500 0
-4954 5063 0
5392 -5395 0
5824 3508 -5825 0
-5559 1 0
5855 1 0
-4187 4188 0
4519 611 0
-4954 4955 0
5947 -3533 -5948 0
-5529 1 0
5826 -5827 0
-4254 4255 0
-5395 -2803 0
-4822 -1450 0
-5668 5669 0
-5021 5022 0
-5009 2107 0
-5075 1753 0
-4239 4240 0
5229 -2151 -5230 0
-5879 -3519 0
-5897 3523 0
-4321 4322 0
-5270 5607 0
-4306 4307 0
-4681 983 0
-5855 -1 -3239 0
4729 -4730 0
-4322 283 0
-4217 4500 0
4929 -4930 -5188 0
5804 3504 -5805 0
-4585 4784 0
5401 2385 0
4153 -4154 77 0
-4839 4840 4842 0
-5411 -1 -2407 0
-4373 4374 0
5008 -5009 0
4753 1117 0
-5922 5923 0
-5490 -2822 0
-4821 -741 0
5067 1 0
-4204 4560 0
-5301 5452 0
5565 2837 -5566 0
4728 -741 0
5786 -5789 0
-5523 5524 0
5097 1 0
5675 -5676 -5706 0
-4616 4629 0
5117 1821 0
-5391 -1 -2363 0
-4841 1249 0
-5590 5591 0
5127 1 0
-4161 4162 0
-4755 1437 0
-4928 4929 0
4889 -4890 0
5212 1 0
5473 -2819 -5474 0
4769 -4770 0
-5657 5658 0
5498 -2824 -5499 0
-4875 4876 0
4937 -4938 -5148 0
-4228 4229 0
-4449 -1 -486 0
-5214 2148 0
-4213 4214 0
-5066 -2118 0
-5695 -1 -2878 0
-5338 2792 0
5007 1531 0
5946 -5949 0
-5973 3449 0
-4932 5173 0
-5466 -1 -2504 0
4755 -1437 -4756 0
-5155 1866 0
5917 -3527 -5918 0
5155 -1 -1866 0
5402 -5403 0
4628 801 0
4287 -1 -136 0
4450 -4453 0
4712 1428 -4713 0
-5155 1 0
4330 -4333 0
-5430 5431 0
4662 1418 -4663 0
5816 -5817 0
-4467 1 0
-4543 -775 0
-4963 5018 0
-5125 1 0
-5734 -3490 0
5199 -2145 -5200 0
-4730 4731 0
5232 2012 0
-4715 4716 0
-5020 1636 0
-5975 -1 -3449 0
-4165 -65 0
-4437 1 0
-5095 1 0
5591 2709 0
4940 -4941 -5133 0
4736 -1 -1080 0
-5172 -1 -1909 0
-4406 748 0
-4141 4200 0
-4797 4798 0
4454 1 0
4996 2104 -4997 0
4978 -4981 0
-4782 4783 0
-4772 -1440 0
5913 -1 -3337 0
-5559 2647 0
-5910 -1 -3330 0
5562 -5563 0
5553 -2835 -5554 0
-5084 2122 0
4484 1 0
5377 -5380 0
-5932 5933 0
-5631 5632 0
-5829 -3509 0
-4202 4203 0
-4969 4970 0
4514 1 0
4648 1 0
-5592 5593 5595 0
-5951 5952 5954 0
-5543 2833 0
5333 -2791 -5334 0
5972 -3538 -5973 0
-4570 4571 0
4465 -4466 0
-5276 5577 0
4403 747 -4404 0
-5036 5037 0
5313 -5314 -5392 0
5243 -5246 0
-5539 2615 0
4676 -1 -973 0
4293 725 -4294 0
5123 -5126 0
-4637 4638 0
5909 3525 -5910 0
-4810 1448 0
-4348 -736 0
4838 1242 0
5254 -2156 -5255 0
-5087 -1 -1763 0
5522 -5525 0
-4394 -1 -420 0
-5591 -1 -2709 0
5695 1 0
4705 -1427 -4706 0
-5405 -2805 0
4725 -1431 -4726 0
-5110 1 0
4993 -4994 0
-5831 5832 5834 0
-5854 5855 0
5725 1 0
-5740 -1 -3043 0
-5517 5518 5520 0
5392 -5393 0
-5916 5917 5919 0
-5538 5539 0
-5080 1 0
-5738 1 0
-4735 1433 0
4967 -4968 -4998 0
4143 -4144 87 0
5755 1 0
-5974 -3538 0
-5016 -2108 0
-5139 5140 0
5162 1887 0
-5050 1 0
-5605 5606 0
5360 2796 -5361 0
-5623 5966 0
-4176 4177 0
5469 -1 -2511 0
-5206 5207 0
5622 -5623 -5971 0
4195 -4196 35 0
4406 -748 -4407 0
-5743 3053 0
-5923 3351 0
4264 -1 -4265 0
-4938 5143 0
-4243 4244 0
4578 -4579 -4819 0
5665 -5666 -5756 0
-4497 577 0
-5258 5259 5261 0
-5273 5274 0
5802 -3504 -5803 0
-4461 759 0
5916 -5919 0
-4493 -765 0
-4904 4905 4907 0
4992 1509 0
-4253 4320 0
-4611 4612 0
5818 -1 -3194 0
5326 -1 -5327 0
4474 536 0
5640 -5641 -5881 0
-5182 -1 -1916 0
-5641 5642 0
4826 -1 -1226 0
-5550 -2834 0
-5139 2133 0
4596 -4597 -4729 0
-4481 763 0
5786 -5787 0
-5445 5446 0
4513 769 -4514 0
-5606 -1 -2730 0
5356 2213 0
-4992 -1 -1509 0
5576 1 0
4463 759 -4464 0
4714 -4717 0
-4745 4746 0
-4205 1 0
5101 2125 -5102 0
-5161 -2137 0
-5808 1 0
-5891 5892 5894 0
5606 1 0
5740 1 0
4232 -4233 -4425 0
-4180 -50 0
-4346 4347 0
4991 2103 -4992 0
4467 -1 51 0
-4687 -1423 0
5770 1 0
-5285 5532 0
5112 1 0
4207 -4208 -4550 0
4797 1445 -4798 0
5294 -5295 -5487 0
-4413 4414 0
-5962 5963 0
-4713 -1 -1041 0
5362 -5365 0
-5614 1 0
5800 1 0
-5947 5948 0
4250 -4251 -4335 0
-4600 4709 0
-4518 4519 0
5946 -5947 0
4875 -1461 -4876 0
-5256 -2156 0
-4298 -726 0
-4885 1463 0
-5185 1925 0
4398 746 -4399 0
-4585 4586 0
4450 -4451 0
-4790 1444 0
-5238 5239 5241 0
-5355 -2795 0
5358 -2796 -5359 0
-5615 5616 0
-4968 4969 0
4954 -4955 -5063 0
-5220 1981 0
-4646 1 0
4594 -4595 -4739 0
-4652 4653 0
5057 1717 0
5914 3526 -5915 0
-5468 2818 0
4948 -4949 -5093 0
-5160 1887 0
5864 3516 -5865 0
-5682 5683 0
5507 -5510 0
-4253 4254 0
-5802 5803 0
5754 3494 -5755 0
5558 -2836 -5559 0
5566 2654 0
5698 -1 -2889 0
5906 -5909 0
-5927 3529 0
4978 -4979 0
4494 570 0
5012 1 0
-5749 5750 0
-4832 -1452 0
-4452 1 0
5560 2836 -5561 0
5009 -2107 -5010 0
-5869 5870 0
5377 -5378 0
-5557 5558 5560 0
5042 1 0
4290 -4293 0
-5889 -3521 0
-4422 1 0
-5169 5170 0
5627 -5628 -5946 0
-5154 5155 0
4781 -1 -1162 0
-4262 4275 0
-4443 -755 0
-5030 1663 0
-4536 774 0
4291 -725 -4292 0
4602 -4603 -4699 0
-5232 -1 -2012 0
-5875 -1 -3274 0
-5925 -1 -3351 0
5161 2137 -5162 0
-4755 4756 0
5670 -5671 -5731 0
-4644 4645 4647 0
-4439 -1 -479 0
-5090 1770 0
-5221 5222 0
-5500 -2824 0
4164 -4165 66 0
5243 -5244 0
-4330 4331 4333 0
-4334 -1 -300 0
-4822 4823 0
4710 -1428 -4711 0
-4175 4176 0
-4556 778 0
-4785 1443 0
-4942 4943 0
-4888 -1 1336 0
5522 -5523 0
5495 2823 -5496 0
-4776 1155 0
-5604 2730 0
5827 -3509 -5828 0
-4538 -774 0
-4242 4243 0
5445 2813 -5446 0
-5656 5657 0
-4788 -1 -753 0
-5009 5010 0
-5797 3503 0
-4417 455 0
5281 -5282 -5552 0
-4227 4228 0
-5210 1 0
-4994 4995 0
4178 -4179 52 0
-5070 1738 0
-5368 2798 0
-4143 -87 0
-4637 -1413 0
-5595 -2843 0
-4956 4957 0
4237 -4238 -4400 0
-4575 4834 0
5324 -5325 -5337 0
-5076 5077 0
-4522 1 0
-5180 1 0
5678 -5679 -5691 0
-5770 -1 3104 0
4384 390 0
-5061 5062 0
4761 -1 -1131 0
-5694 -3482 0
5083 -5086 0
4902 1466 -4903 0
5098 -5101 0
-5150 1 0
-4361 4362 0
5055 -1 -1717 0
4452 -1 -507 0
4399 1 0
5508 -2826 -5509 0
-5065 1 0
5528 -2830 -5529 0
-5715 -1 -2911 0
5928 -1 -3361 0
-4865 1459 0
4979 -2101 -4980 0
4935 -4936 -5158 0
4429 1 0
5731 -5734 0
-5171 -2139 0
-5578 5579 0
4790 -1444 -4791 0
-4149 4150 0
4459 1 0
4184 -4185 46 0
-4916 4917 0
4282 -1 -129 0
-4327 293 0
-5114 2128 0
5179 -2141 -5180 0
-5645 5646 0
4833 1235 0
4353 737 -4354 0
-4216 4217 0
-4922 5223 0
5461 2497 0
-4559 -1 -689 0
-4782 -1442 0
-4201 4202 0
4834 -4835 0
-5935 -1 -3371 0
5077 1753 0
4714 -4715 0
-5813 3187 0
-4283 4284 0
-4237 4400 0
-5987 1 0
-5839 -3511 0
4686 -1 -990 0
-4308 -728 0
-4723 -1 -1063 0
-5697 3483 0
5492 -5495 0
-4268 4269 0
-5817 5818 0
4943 -4944 -5118 0
-4494 -1 -570 0
4898 1350 0
5825 3201 0
5891 -5894 0
-5823 1 0
-5321 5352 0
5591 1 0
4637 1413 -4638 0
-5418 5419 0
5908 -1 -3330 0
-4629 4630 4632 0
-5097 -1 -1777 0
-5884 5885 0
-4275 4276 4278 0
5973 -1 -3449 0
5362 -5363 0
4395 -4398 0
-5793 1 0
5621 1 0
5034 -2112 -5035 0
4275 -4278 0
-4306 728 0
-5485 5486 0
5700 1 0
4333 733 -4334 0
5761 -5762 0
-4976 -2100 0
-5763 1 0
4674 -4677 0
-4785 4786 0
-5349 2206 0
-4770 4771 0
-5926 5927 5929 0
4316 -730 -4317 0
-4890 4891 0
5757 -3495 -5758 0
4200 -4201 -5976 0
5336 2181 0
5259 -2157 -5260 0
-5545 -2833 0
-4837 4838 0
4683 983 0
-4190 4191 0
-4584 4789 0
-5443 2813 0
-4957 4958 0
-4564 4889 0
5507 -5508 0
4735 -1433 -4736 0
5185 -1 -1925 0
-4453 -757 0
4555 -4558 0
4516 -770 -4517 0
-5010 1540 0
-5668 5741 0
-4257 4258 0
4435 -4438 0
5906 -5907 0
-5024 5025 0
4833 1 0
4268 720 -4269 0
-4552 1 0
-4625 4626 0
-5050 1710 0
5276 -5277 -5577 0
-4595 4734 0
4863 1 0
-5080 -1431 0
-5091 5092 0
